 0   0 
 0.001   0 
 0.002   0 
 0.003   0 
 0.004   0 
 0.005   0 
 0.006   0 
 0.007   0 
 0.008   0 
 0.009   0 
 0.01   0 
 0.011   0 
 0.012   0 
 0.013   0 
 0.014   0 
 0.015   0 
 0.016   0 
 0.017   0 
 0.018   0 
 0.019   0 
 0.02   0 
 0.021   0 
 0.022   0 
 0.023   0 
 0.024   0 
 0.025   0 
 0.026   0 
 0.027   0 
 0.028   0 
 0.029   0 
 0.03   0 
 0.031   0 
 0.032   0 
 0.033   0 
 0.034   0 
 0.035   0 
 0.036   0 
 0.037   0 
 0.038   0 
 0.039   0 
 0.04   0 
 0.041   0 
 0.042   0 
 0.043   0 
 0.044   0 
 0.045   0 
 0.046   0 
 0.047   0 
 0.048   0 
 0.049   0 
 0.05   0 
 0.051   0 
 0.052   0 
 0.053   0 
 0.054   0 
 0.055   0 
 0.056   0 
 0.057   0 
 0.058   0 
 0.059   0 
 0.06   0 
 0.061   0 
 0.062   0 
 0.063   0 
 0.064   0 
 0.065   0 
 0.066   0 
 0.067   0 
 0.068   0 
 0.069   0 
 0.07   0 
 0.071   0 
 0.072   0 
 0.073   0 
 0.074   0 
 0.075   0 
 0.076   0 
 0.077   0 
 0.078   0 
 0.079   0 
 0.08   159052.8122505 
 0.081   0 
 0.082   0 
 0.083   0 
 0.084   0 
 0.085   0 
 0.086   0 
 0.087   0 
 0.088   0 
 0.089   0 
 0.09   0 
 0.091   0 
 0.092   0 
 0.093   0 
 0.094   0 
 0.095   0 
 0.096   0 
 0.097   0 
 0.098   0 
 0.099   0 
 0.1   0 
 0.101   0 
 0.102   0 
 0.103   0 
 0.104   0 
 0.105   0 
 0.106   0 
 0.107   0 
 0.108   0 
 0.109   0 
 0.11   0 
 0.111   0 
 0.112   0 
 0.113   49973.299757 
 0.114   0 
 0.115   0 
 0.116   0 
 0.117   0 
 0.118   0 
 0.119   0 
 0.12   0 
 0.121   0 
 0.122   0 
 0.123   0 
 0.124   0 
 0.125   0 
 0.126   0 
 0.127   0 
 0.128   0 
 0.129   0 
 0.13   0 
 0.131   0 
 0.132   0 
 0.133   0 
 0.134   0 
 0.135   0 
 0.136   0 
 0.137   0 
 0.138   0 
 0.139   0 
 0.14   0 
 0.141   0 
 0.142   0 
 0.143   0 
 0.144   0 
 0.145   0 
 0.146   0 
 0.147   0 
 0.148   0 
 0.149   0 
 0.15   0 
 0.151   0 
 0.152   0 
 0.153   0 
 0.154   0 
 0.155   0 
 0.156   0 
 0.157   0 
 0.158   0 
 0.159   0 
 0.16   118493.2796175 
 0.161   0 
 0.162   0 
 0.163   0 
 0.164   0 
 0.165   0 
 0.166   0 
 0.167   0 
 0.168   0 
 0.169   0 
 0.17   0 
 0.171   0 
 0.172   0 
 0.173   0 
 0.174   0 
 0.175   0 
 0.176   0 
 0.177   0 
 0.178   0 
 0.179   119245.8446465 
 0.18   0 
 0.181   0 
 0.182   0 
 0.183   0 
 0.184   0 
 0.185   0 
 0.186   0 
 0.187   0 
 0.188   0 
 0.189   0 
 0.19   0 
 0.191   0 
 0.192   0 
 0.193   0 
 0.194   0 
 0.195   0 
 0.196   0 
 0.197   0 
 0.198   0 
 0.199   0 
 0.2   0 
 0.201   0 
 0.202   0 
 0.203   0 
 0.204   0 
 0.205   0 
 0.206   0 
 0.207   0 
 0.208   0 
 0.209   198149862.53413 
 0.21   0 
 0.211   0 
 0.212   0 
 0.213   0 
 0.214   0 
 0.215   0 
 0.216   0 
 0.217   0 
 0.218   0 
 0.219   0 
 0.22   0 
 0.221   0 
 0.222   0 
 0.223   0 
 0.224   4361159.0767865 
 0.225   0 
 0.226   69280.276556 
 0.227   0 
 0.228   0 
 0.229   0 
 0.23   0 
 0.231   0 
 0.232   0 
 0.233   0 
 0.234   0 
 0.235   0 
 0.236   0 
 0.237   0 
 0.238   340374.081717 
 0.239   0 
 0.24   191970.9726945 
 0.241   0 
 0.242   0 
 0.243   0 
 0.244   0 
 0.245   0 
 0.246   0 
 0.247   0 
 0.248   0 
 0.249   0 
 0.25   0 
 0.251   0 
 0.252   0 
 0.253   213908.6336555 
 0.254   0 
 0.255   0 
 0.256   0 
 0.257   0 
 0.258   0 
 0.259   0 
 0.26   0 
 0.261   0 
 0.262   0 
 0.263   0 
 0.264   802709.4446205 
 0.265   0 
 0.266   0 
 0.267   0 
 0.268   0 
 0.269   0 
 0.27   0 
 0.271   0 
 0.272   0 
 0.273   0 
 0.274   0 
 0.275   221654.798076 
 0.276   0 
 0.277   0 
 0.278   0 
 0.279   0 
 0.28   0 
 0.281   0 
 0.282   0 
 0.283   0 
 0.284   0 
 0.285   0 
 0.286   0 
 0.287   0 
 0.288   77436.716212 
 0.289   0 
 0.29   0 
 0.291   0 
 0.292   0 
 0.293   0 
 0.294   0 
 0.295   0 
 0.296   0 
 0.297   0 
 0.298   0 
 0.299   0 
 0.3   0 
 0.301   0 
 0.302   0 
 0.303   0 
 0.304   0 
 0.305   0 
 0.306   0 
 0.307   0 
 0.308   217340.951976 
 0.309   0 
 0.31   0 
 0.311   0 
 0.312   0 
 0.313   0 
 0.314   0 
 0.315   0 
 0.316   0 
 0.317   0 
 0.318   0 
 0.319   563078.426957 
 0.32   165418.649207 
 0.321   0 
 0.322   0 
 0.323   0 
 0.324   0 
 0.325   0 
 0.326   0 
 0.327   0 
 0.328   0 
 0.329   544502.4619325 
 0.33   163398.471957 
 0.331   0 
 0.332   0 
 0.333   0 
 0.334   0 
 0.335   0 
 0.336   0 
 0.337   0 
 0.338   0 
 0.339   105525.766166 
 0.34   0 
 0.341   0 
 0.342   0 
 0.343   0 
 0.344   0 
 0.345   0 
 0.346   0 
 0.347   0 
 0.348   0 
 0.349   0 
 0.35   0 
 0.351   0 
 0.352   0 
 0.353   0 
 0.354   0 
 0.355   0 
 0.356   0 
 0.357   149463.004657 
 0.358   115002.9653565 
 0.359   0 
 0.36   0 
 0.361   0 
 0.362   0 
 0.363   0 
 0.364   0 
 0.365   0 
 0.366   0 
 0.367   0 
 0.368   0 
 0.369   0 
 0.37   0 
 0.371   0 
 0.372   0 
 0.373   0 
 0.374   0 
 0.375   0 
 0.376   0 
 0.377   0 
 0.378   0 
 0.379   0 
 0.38   0 
 0.381   0 
 0.382   0 
 0.383   191698.584631 
 0.384   0 
 0.385   0 
 0.386   0 
 0.387   0 
 0.388   0 
 0.389   0 
 0.39   0 
 0.391   147803.048634 
 0.392   0 
 0.393   0 
 0.394   0 
 0.395   0 
 0.396   0 
 0.397   0 
 0.398   0 
 0.399   205551.216008 
 0.4   147553.31446025 
 0.401   0 
 0.402   0 
 0.403   0 
 0.404   0 
 0.405   0 
 0.406   0 
 0.407   0 
 0.408   183427.5786785 
 0.409   0 
 0.41   0 
 0.411   0 
 0.412   0 
 0.413   0 
 0.414   0 
 0.415   172494.0895325 
 0.416   0 
 0.417   0 
 0.418   0 
 0.419   28524554.723682 
 0.42   0 
 0.421   0 
 0.422   0 
 0.423   0 
 0.424   0 
 0.425   0 
 0.426   0 
 0.427   3724161.378984 
 0.428   0 
 0.429   0 
 0.43   0 
 0.431   153564.278972 
 0.432   0 
 0.433   0 
 0.434   747557.33428 
 0.435   0 
 0.436   0 
 0.437   0 
 0.438   0 
 0.439   0 
 0.44   0 
 0.441   0 
 0.442   0 
 0.443   0 
 0.444   0 
 0.445   0 
 0.446   0 
 0.447   0 
 0.448   0 
 0.449   558130.791516 
 0.45   0 
 0.451   0 
 0.452   157614.4526185 
 0.453   125748.264082 
 0.454   0 
 0.455   0 
 0.456   283897.497127 
 0.457   0 
 0.458   0 
 0.459   175819.690105 
 0.46   0 
 0.461   0 
 0.462   0 
 0.463   0 
 0.464   0 
 0.465   0 
 0.466   0 
 0.467   107725.86004 
 0.468   0 
 0.469   0 
 0.47   0 
 0.471   0 
 0.472   0 
 0.473   0 
 0.474   0 
 0.475   0 
 0.476   0 
 0.477   197362.165781 
 0.478   0 
 0.479   190684.9324645 
 0.48   73701.529731 
 0.481   0 
 0.482   0 
 0.483   491249.5096335 
 0.484   0 
 0.485   0 
 0.486   0 
 0.487   99581.8116325 
 0.488   0 
 0.489   0 
 0.49   507714.066308 
 0.491   0 
 0.492   0 
 0.493   0 
 0.494   0 
 0.495   0 
 0.496   0 
 0.497   0 
 0.498   0 
 0.499   131622.666711 
 0.5   0 
 0.501   0 
 0.502   0 
 0.503   0 
 0.504   0 
 0.505   0 
 0.506   82692.9109265 
 0.507   0 
 0.508   0 
 0.509   259262.1962695 
 0.51   0 
 0.511   0 
 0.512   46186.735295 
 0.513   174369.0111195 
 0.514   0 
 0.515   0 
 0.516   0 
 0.517   0 
 0.518   0 
 0.519   0 
 0.52   0 
 0.521   0 
 0.522   0 
 0.523   0 
 0.524   151572.120143 
 0.525   0 
 0.526   0 
 0.527   0 
 0.528   249709.8832755 
 0.529   0 
 0.53   76207.170246 
 0.531   0 
 0.532   0 
 0.533   0 
 0.534   189446.452495 
 0.535   0 
 0.536   0 
 0.537   81047.2569865 
 0.538   0 
 0.539   0 
 0.54   188414.783008 
 0.541   0 
 0.542   0 
 0.543   0 
 0.544   0 
 0.545   0 
 0.546   0 
 0.547   0 
 0.548   120322.24616 
 0.549   0 
 0.55   0 
 0.551   144319.7318205 
 0.552   0 
 0.553   0 
 0.554   81796.2558885 
 0.555   0 
 0.556   0 
 0.557   0 
 0.558   0 
 0.559   0 
 0.56   128603.9668395 
 0.561   0 
 0.562   0 
 0.563   0 
 0.564   0 
 0.565   0 
 0.566   164932.538346 
 0.567   0 
 0.568   0 
 0.569   0 
 0.57   0 
 0.571   0 
 0.572   0 
 0.573   0 
 0.574   0 
 0.575   0 
 0.576   0 
 0.577   123420.77042925 
 0.578   0 
 0.579   0 
 0.58   156788.15238575 
 0.581   0 
 0.582   0 
 0.583   151559.619577 
 0.584   0 
 0.585   201200.8775605 
 0.586   0 
 0.587   0 
 0.588   0 
 0.589   0 
 0.59   0 
 0.591   0 
 0.592   0 
 0.593   0 
 0.594   0 
 0.595   0 
 0.596   0 
 0.597   0 
 0.598   142662.3690505 
 0.599   0 
 0.6   0 
 0.601   0 
 0.602   202157.5339835 
 0.603   0 
 0.604   78603.058893 
 0.605   0 
 0.606   0 
 0.607   0 
 0.608   0 
 0.609   0 
 0.61   84175.86618 
 0.611   0 
 0.612   0 
 0.613   0 
 0.614   127176.0080825 
 0.615   0 
 0.616   0 
 0.617   252238.385271 
 0.618   0 
 0.619   115501.264841 
 0.62   0 
 0.621   0 
 0.622   0 
 0.623   0 
 0.624   0 
 0.625   116317.0277705 
 0.626   0 
 0.627   0 
 0.628   171156.1466665 
 0.629   1839074.750482 
 0.63   0 
 0.631   0 
 0.632   0 
 0.633   0 
 0.634   723000.2337985 
 0.635   0 
 0.636   0 
 0.637   0 
 0.638   126340.753735 
 0.639   207444.515785 
 0.64   0 
 0.641   78175.006795 
 0.642   0 
 0.643   61371.587454 
 0.644   0 
 0.645   67311.087603 
 0.646   87643.30525875 
 0.647   0 
 0.648   0 
 0.649   137627.076358 
 0.65   0 
 0.651   0 
 0.652   0 
 0.653   0 
 0.654   173008.531258 
 0.655   0 
 0.656   0 
 0.657   0 
 0.658   103394.605831 
 0.659   0 
 0.66   128062.41638975 
 0.661   0 
 0.662   129321.098227 
 0.663   0 
 0.664   0 
 0.665   0 
 0.666   0 
 0.667   0 
 0.668   0 
 0.669   98893.310186 
 0.67   0 
 0.671   0 
 0.672   0 
 0.673   196664.6083375 
 0.674   137604.9149865 
 0.675   0 
 0.676   0 
 0.677   0 
 0.678   171669.475459 
 0.679   115590.658857 
 0.68   0 
 0.681   0 
 0.682   105477.0629245 
 0.683   0 
 0.684   174692.659365 
 0.685   0 
 0.686   0 
 0.687   0 
 0.688   0 
 0.689   146058.1947265 
 0.69   0 
 0.691   0 
 0.692   162968.256918 
 0.693   100609.5617285 
 0.694   0 
 0.695   0 
 0.696   0 
 0.697   0 
 0.698   0 
 0.699   0 
 0.7   113578.256388 
 0.701   0 
 0.702   0 
 0.703   0 
 0.704   0 
 0.705   83731.2282173333 
 0.706   104575.727847 
 0.707   0 
 0.708   0 
 0.709   0 
 0.71   0 
 0.711   115832.065571 
 0.712   0 
 0.713   0 
 0.714   107393.270039 
 0.715   104522.597184 
 0.716   132273.79135525 
 0.717   0 
 0.718   106238.0101055 
 0.719   0 
 0.72   95732.2670165 
 0.721   89193.821869 
 0.722   0 
 0.723   0 
 0.724   106470.498679 
 0.725   118545.9001725 
 0.726   0 
 0.727   0 
 0.728   0 
 0.729   0 
 0.73   0 
 0.731   0 
 0.732   0 
 0.733   0 
 0.734   0 
 0.735   0 
 0.736   0 
 0.737   0 
 0.738   121338.0478825 
 0.739   0 
 0.74   110391.72417 
 0.741   0 
 0.742   0 
 0.743   0 
 0.744   0 
 0.745   0 
 0.746   204570.9477145 
 0.747   0 
 0.748   0 
 0.749   0 
 0.75   92777.9060845 
 0.751   124366.0567875 
 0.752   0 
 0.753   134908.401871 
 0.754   0 
 0.755   100480.09682025 
 0.756   0 
 0.757   0 
 0.758   0 
 0.759   0 
 0.76   108760.004342 
 0.761   0 
 0.762   0 
 0.763   155892.574671 
 0.764   0 
 0.765   0 
 0.766   299536.9166305 
 0.767   0 
 0.768   88875.67872225 
 0.769   0 
 0.77   82777.93672475 
 0.771   0 
 0.772   0 
 0.773   0 
 0.774   0 
 0.775   127711.60178 
 0.776   0 
 0.777   0 
 0.778   0 
 0.779   0 
 0.78   0 
 0.781   0 
 0.782   113264.136095 
 0.783   0 
 0.784   143064.7679435 
 0.785   0 
 0.786   0 
 0.787   0 
 0.788   163786.9012605 
 0.789   143188.3909395 
 0.79   0 
 0.791   0 
 0.792   124373.3189605 
 0.793   77082.134626 
 0.794   0 
 0.795   0 
 0.796   82085.455526 
 0.797   0 
 0.798   0 
 0.799   34252.322475 
 0.8   0 
 0.801   115377.6783985 
 0.802   0 
 0.803   131811.483825 
 0.804   0 
 0.805   169527.169925 
 0.806   0 
 0.807   150644.1535535 
 0.808   59966.2668025 
 0.809   0 
 0.81   0 
 0.811   0 
 0.812   107089.751747 
 0.813   0 
 0.814   0 
 0.815   0 
 0.816   163746.045567 
 0.817   81897.9829365 
 0.818   0 
 0.819   0 
 0.82   62947.345505 
 0.821   0 
 0.822   0 
 0.823   0 
 0.824   0 
 0.825   130842.223804 
 0.826   0 
 0.827   152138.4563365 
 0.828   121574.68288725 
 0.829   0 
 0.83   166914.3947345 
 0.831   0 
 0.832   141878.2980755 
 0.833   0 
 0.834   119724.5612435 
 0.835   0 
 0.836   150729.430186 
 0.837   0 
 0.838   234903.4401065 
 0.839   751852.011979 
 0.84   0 
 0.841   0 
 0.842   0 
 0.843   346416.277102833 
 0.844   0 
 0.845   0 
 0.846   0 
 0.847   166078.3054915 
 0.848   0 
 0.849   124038.095695 
 0.85   0 
 0.851   121293.7572545 
 0.852   0 
 0.853   0 
 0.854   182304.42101275 
 0.855   0 
 0.856   0 
 0.857   0 
 0.858   176154.101993 
 0.859   0 
 0.86   0 
 0.861   0 
 0.862   216267.8557135 
 0.863   134673.4285 
 0.864   61701.658234 
 0.865   0 
 0.866   108896.3290965 
 0.867   0 
 0.868   163299.7145795 
 0.869   66462.931111 
 0.87   0 
 0.871   0 
 0.872   0 
 0.873   114570.123383 
 0.874   0 
 0.875   0 
 0.876   110133.90727625 
 0.877   155952.1768365 
 0.878   0 
 0.879   0 
 0.88   0 
 0.881   59871.8024425 
 0.882   0 
 0.883   0 
 0.884   0 
 0.885   236149.3731555 
 0.886   0 
 0.887   158747.11938 
 0.888   120825.53352 
 0.889   0 
 0.89   0 
 0.891   116872.424351 
 0.892   0 
 0.893   197757.452452 
 0.894   0 
 0.895   139380.97956025 
 0.896   0 
 0.897   288585.502133 
 0.898   141794.85900925 
 0.899   0 
 0.9   0 
 0.901   0 
 0.902   124246.211212333 
 0.903   0 
 0.904   132939.024137 
 0.905   196550.817682 
 0.906   205873.079916 
 0.907   0 
 0.908   241566.842133 
 0.909   205825.222572 
 0.91   0 
 0.911   0 
 0.912   105694.6567025 
 0.913   140072.1317455 
 0.914   0 
 0.915   0 
 0.916   0 
 0.917   0 
 0.918   140083.0725485 
 0.919   0 
 0.92   125176.86544775 
 0.921   0 
 0.922   0 
 0.923   0 
 0.924   0 
 0.925   131136.951322 
 0.926   179527.253303 
 0.927   0 
 0.928   0 
 0.929   0 
 0.93   247532.650021714 
 0.931   0 
 0.932   0 
 0.933   124686.65952725 
 0.934   240488.977172 
 0.935   0 
 0.936   208172.174524 
 0.937   190921.204706833 
 0.938   0 
 0.939   0 
 0.94   0 
 0.941   0 
 0.942   0 
 0.943   121859.4356455 
 0.944   0 
 0.945   0 
 0.946   0 
 0.947   0 
 0.948   0 
 0.949   171282.429017 
 0.95   0 
 0.951   0 
 0.952   0 
 0.953   0 
 0.954   147382.473255 
 0.955   0 
 0.956   0 
 0.957   189763.583912 
 0.958   0 
 0.959   202466.577292 
 0.96   121642.791453 
 0.961   184701.6001215 
 0.962   0 
 0.963   153264.98495 
 0.964   145301.3541265 
 0.965   0 
 0.966   0 
 0.967   82682.083555 
 0.968   157278.3069205 
 0.969   0 
 0.97   246527.262898833 
 0.971   0 
 0.972   0 
 0.973   0 
 0.974   187370.071126 
 0.975   0 
 0.976   66029.230546 
 0.977   0 
 0.978   222787.8165105 
 0.979   230042.355279 
 0.98   138441.399542 
 0.981   0 
 0.982   0 
 0.983   180110.60121525 
 0.984   78783.2434335 
 0.985   0 
 0.986   0 
 0.987   297167.813599167 
 0.988   0 
 0.989   183669.1849655 
 0.99   202247.8782395 
 0.991   211935.268159 
 0.992   0 
 0.993   0 
 0.994   0 
 0.995   0 
 0.996   225619.578553 
 0.997   152654.0813495 
 0.998   0 
 0.999   152358.027393 
 1   167271.186706 
 1.001   0 
 1.002   0 
 1.003   0 
 1.004   602103.077503 
 1.005   164135.1570555 
 1.006   0 
 1.007   0 
 1.008   0 
 1.009   151374.6311725 
 1.01   0 
 1.011   0 
 1.012   194237.878138 
 1.013   159126.27271875 
 1.014   0 
 1.015   0 
 1.016   0 
 1.017   0 
 1.018   0 
 1.019   207802.025300857 
 1.02   0 
 1.021   0 
 1.022   99653.253894 
 1.023   0 
 1.024   176407.3453305 
 1.025   204437.152478 
 1.026   340043.595809 
 1.027   201701.8669215 
 1.028   0 
 1.029   0 
 1.03   0 
 1.031   191792.9596705 
 1.032   0 
 1.033   0 
 1.034   0 
 1.035   127522.1644055 
 1.036   0 
 1.037   164553.333745 
 1.038   0 
 1.039   0 
 1.04   0 
 1.041   301446.8949854 
 1.042   0 
 1.043   0 
 1.044   188680.452528 
 1.045   0 
 1.046   0 
 1.047   260755.170417167 
 1.048   0 
 1.049   186065.174551667 
 1.05   0 
 1.051   0 
 1.052   272298.187956167 
 1.053   241334.3149315 
 1.054   0 
 1.055   190268.564016 
 1.056   192719.7354805 
 1.057   0 
 1.058   0 
 1.059   142522.913695 
 1.06   0 
 1.061   258827.63620925 
 1.062   246157.83245725 
 1.063   0 
 1.064   211206.42324825 
 1.065   210691.33201175 
 1.066   0 
 1.067   0 
 1.068   140076.43594775 
 1.069   114689.6438085 
 1.07   0 
 1.071   325760.4470495 
 1.072   0 
 1.073   96239.829282 
 1.074   113625.03085 
 1.075   295842.193555 
 1.076   128554.08657975 
 1.077   0 
 1.078   175408.6008135 
 1.079   136511.020771 
 1.08   131222.018563 
 1.081   0 
 1.082   0 
 1.083   143568.54981975 
 1.084   0 
 1.085   0 
 1.086   178430.468894 
 1.087   0 
 1.088   236792.3129995 
 1.089   167985.675884167 
 1.09   0 
 1.091   0 
 1.092   0 
 1.093   0 
 1.094   0 
 1.095   221555.036568 
 1.096   0 
 1.097   169018.31935775 
 1.098   356695.592611 
 1.099   0 
 1.1   98245.092876 
 1.101   0 
 1.102   638527.127168 
 1.103   187992.8798065 
 1.104   0 
 1.105   0 
 1.106   189008.942546 
 1.107   0 
 1.108   304213.11288025 
 1.109   198985.8706135 
 1.11   0 
 1.111   0 
 1.112   0 
 1.113   260306.742353 
 1.114   0 
 1.115   0 
 1.116   149329.954092 
 1.117   0 
 1.118   233277.833082 
 1.119   0 
 1.12   0 
 1.121   685535.8007495 
 1.122   0 
 1.123   193959.676775125 
 1.124   118624.804254 
 1.125   248858.735849 
 1.126   235228.09298925 
 1.127   0 
 1.128   0 
 1.129   90656.20571775 
 1.13   0 
 1.131   0 
 1.132   163516.9536835 
 1.133   272896.412658333 
 1.134   239246.11502275 
 1.135   247424.6805515 
 1.136   0 
 1.137   0 
 1.138   276510.8042855 
 1.139   0 
 1.14   0 
 1.141   392079.5348635 
 1.142   0 
 1.143   132315.202832 
 1.144   545524.117852 
 1.145   0 
 1.146   0 
 1.147   208624.442603 
 1.148   256490.3499875 
 1.149   142163.9358835 
 1.15   0 
 1.151   0 
 1.152   353857.630399111 
 1.153   0 
 1.154   219152.2494705 
 1.155   252475.447686 
 1.156   398785.238345 
 1.157   185581.280886 
 1.158   258885.405982 
 1.159   0 
 1.16   188609.051648333 
 1.161   0 
 1.162   0 
 1.163   129933.92175525 
 1.164   0 
 1.165   97099.6632375 
 1.166   294919.601085167 
 1.167   195727.7546105 
 1.168   246425.26468 
 1.169   0 
 1.17   0 
 1.171   191089.4626145 
 1.172   0 
 1.173   0 
 1.174   321527.736508 
 1.175   0 
 1.176   0 
 1.177   249507.5450025 
 1.178   0 
 1.179   127619.550657 
 1.18   0 
 1.181   0 
 1.182   0 
 1.183   205805.599162 
 1.184   0 
 1.185   227424.392210167 
 1.186   0 
 1.187   0 
 1.188   0 
 1.189   210561.21016725 
 1.19   0 
 1.191   205624.52531025 
 1.192   166295.4635918 
 1.193   283115.835411 
 1.194   0 
 1.195   0 
 1.196   106575.987768 
 1.197   182851.78106 
 1.198   339130.721637667 
 1.199   0 
 1.2   219831.90768825 
 1.201   312480.544584333 
 1.202   0 
 1.203   281758.2077625 
 1.204   155994.50441475 
 1.205   0 
 1.206   306745.692504 
 1.207   0 
 1.208   186728.060428667 
 1.209   274694.86898875 
 1.21   0 
 1.211   0 
 1.212   674782.414777 
 1.213   178891.8945115 
 1.214   0 
 1.215   0 
 1.216   0 
 1.217   197217.566906167 
 1.218   0 
 1.219   300000.606710333 
 1.22   415082.2359985 
 1.221   280403.4475815 
 1.222   198834.339641 
 1.223   321841.082722 
 1.224   0 
 1.225   329109.436174 
 1.226   0 
 1.227   310781.218529833 
 1.228   0 
 1.229   175479.60303975 
 1.23   282250.9522695 
 1.231   0 
 1.232   146737.281047 
 1.233   0 
 1.234   0 
 1.235   124760.999986 
 1.236   0 
 1.237   0 
 1.238   434103.92192 
 1.239   600683.712096 
 1.24   289498.328445375 
 1.241   296303.774864 
 1.242   0 
 1.243   371933.117886 
 1.244   0 
 1.245   294009.122398 
 1.246   616643.633492 
 1.247   0 
 1.248   584296.287909 
 1.249   0 
 1.25   100136.086555 
 1.251   223458.8834275 
 1.252   0 
 1.253   265273.8515475 
 1.254   447835.381395 
 1.255   239226.08802775 
 1.256   146311.9930865 
 1.257   0 
 1.258   280817.1202285 
 1.259   170873.274378 
 1.26   0 
 1.261   421133.0148825 
 1.262   0 
 1.263   302553.101226 
 1.264   307060.0458175 
 1.265   0 
 1.266   0 
 1.267   458661.75510075 
 1.268   0 
 1.269   420170.21135525 
 1.27   119242.5539355 
 1.271   722704.542198 
 1.272   261463.7621 
 1.273   393122.608457833 
 1.274   0 
 1.275   310167.48156625 
 1.276   114335.8742 
 1.277   0 
 1.278   389545.8964595 
 1.279   273566.1102284 
 1.28   0 
 1.281   281958.1161845 
 1.282   229793.07577775 
 1.283   376184.7433795 
 1.284   517520.37979225 
 1.285   0 
 1.286   422267.94343175 
 1.287   0 
 1.288   316449.8762345 
 1.289   390548.2395155 
 1.29   465895.3044635 
 1.291   0 
 1.292   461255.798762 
 1.293   232135.5384675 
 1.294   398213.3000515 
 1.295   220250.9065205 
 1.296   476410.268374333 
 1.297   0 
 1.298   270943.807292 
 1.299   299528.7584345 
 1.3   0 
 1.301   373917.748046167 
 1.302   0 
 1.303   0 
 1.304   521619.5923742 
 1.305   0 
 1.306   0 
 1.307   0 
 1.308   467889.785331667 
 1.309   297605.7157775 
 1.31   0 
 1.311   296612.0500435 
 1.312   527503.9528435 
 1.313   241954.727888 
 1.314   283630.524885 
 1.315   549402.4111965 
 1.316   293598.81021275 
 1.317   0 
 1.318   0 
 1.319   0 
 1.32   307462.928347333 
 1.321   345179.633678909 
 1.322   538479.299313 
 1.323   91907.232247 
 1.324   0 
 1.325   399515.527075 
 1.326   264975.579904 
 1.327   0 
 1.328   0 
 1.329   0 
 1.33   535798.72924675 
 1.331   216400.791704 
 1.332   0 
 1.333   489963.8397075 
 1.334   273037.261527333 
 1.335   0 
 1.336   0 
 1.337   297088.6282185 
 1.338   235300.366293667 
 1.339   0 
 1.34   368782.328416333 
 1.341   0 
 1.342   440103.989071 
 1.343   666671.46461925 
 1.344   0 
 1.345   0 
 1.346   0 
 1.347   448152.943226 
 1.348   0 
 1.349   931555.1161555 
 1.35   455579.33368275 
 1.351   623278.62292975 
 1.352   0 
 1.353   0 
 1.354   0 
 1.355   0 
 1.356   752692.15458675 
 1.357   168527.1868885 
 1.358   396951.932392833 
 1.359   431820.508158111 
 1.36   442409.985062 
 1.361   287810.7740865 
 1.362   388841.6552685 
 1.363   0 
 1.364   713154.9530715 
 1.365   0 
 1.366   287398.4339865 
 1.367   0 
 1.368   0 
 1.369   450206.860983 
 1.37   452298.361029333 
 1.371   1310750.3898805 
 1.372   314831.674294 
 1.373   534200.1176275 
 1.374   0 
 1.375   306428.007121857 
 1.376   0 
 1.377   0 
 1.378   547835.2312792 
 1.379   392249.859871333 
 1.38   751499.646635857 
 1.381   0 
 1.382   0 
 1.383   757244.2720255 
 1.384   0 
 1.385   234307.65650675 
 1.386   316970.113859333 
 1.387   751912.4801175 
 1.388   0 
 1.389   0 
 1.39   0 
 1.391   467835.072441333 
 1.392   0 
 1.393   0 
 1.394   989846.338891 
 1.395   0 
 1.396   279188.968326667 
 1.397   0 
 1.398   763069.794986 
 1.399   786700.622355125 
 1.4   0 
 1.401   477276.122699 
 1.402   0 
 1.403   402730.329346 
 1.404   0 
 1.405   112548.031326 
 1.406   147250.2044025 
 1.407   282905.878194 
 1.408   0 
 1.409   0 
 1.41   220711.155189667 
 1.411   0 
 1.412   0 
 1.413   60787.5844595 
 1.414   425208.119769833 
 1.415   528377.943303125 
 1.416   0 
 1.417   615276.88693425 
 1.418   0 
 1.419   813662.422807 
 1.42   0 
 1.421   462160.96591925 
 1.422   330268.744252 
 1.423   218309.474328667 
 1.424   0 
 1.425   432189.37064525 
 1.426   1298092.734966 
 1.427   570734.435710167 
 1.428   241647.7895215 
 1.429   0 
 1.43   718708.9754395 
 1.431   143134.136958 
 1.432   421664.35414475 
 1.433   934728.834172833 
 1.434   484992.25528525 
 1.435   278958.841089 
 1.436   0 
 1.437   280287.479068 
 1.438   0 
 1.439   933203.840006 
 1.44   0 
 1.441   1539976.807883 
 1.442   1061683.07086 
 1.443   194807.8672315 
 1.444   1337978.38233033 
 1.445   834977.9639035 
 1.446   0 
 1.447   0 
 1.448   729871.4517975 
 1.449   201132.709015 
 1.45   212330.890947 
 1.451   1030960.01980375 
 1.452   237273.456926 
 1.453   164704.762413 
 1.454   0 
 1.455   0 
 1.456   0 
 1.457   485258.74285975 
 1.458   0 
 1.459   1000633.40074988 
 1.46   175408.610833 
 1.461   669526.0352855 
 1.462   836197.8676095 
 1.463   517234.3603746 
 1.464   0 
 1.465   0 
 1.466   384794.3008115 
 1.467   176604.765971 
 1.468   372218.504355333 
 1.469   146002.608523 
 1.47   258297.4004275 
 1.471   531376.7377335 
 1.472   0 
 1.473   348161.18439075 
 1.474   410913.36879675 
 1.475   0 
 1.476   0 
 1.477   408405.455877 
 1.478   342178.674399 
 1.479   0 
 1.48   266909.75722275 
 1.481   188795.4383005 
 1.482   0 
 1.483   205566.381123 
 1.484   0 
 1.485   467005.60119525 
 1.486   184916.340337 
 1.487   611697.9903605 
 1.488   518083.868362 
 1.489   0 
 1.49   247165.407386 
 1.491   0 
 1.492   330728.99844675 
 1.493   390324.379389 
 1.494   91620.629178 
 1.495   0 
 1.496   361636.057732 
 1.497   72316.2040005 
 1.498   220512.603369 
 1.499   0 
 1.5   526833.894052 
 1.501   251597.394484 
 1.502   488299.98221 
 1.503   119823.843831 
 1.504   408527.263369375 
 1.505   525954.351880375 
 1.506   0 
 1.507   487608.48112175 
 1.508   255718.997656 
 1.509   242100.8626005 
 1.51   468308.576455 
 1.511   389959.117837167 
 1.512   116043.368713 
 1.513   164487.18505275 
 1.514   0 
 1.515   419580.559972 
 1.516   0 
 1.517   0 
 1.518   0 
 1.519   206566.0758615 
 1.52   519333.798519167 
 1.521   291038.644444 
 1.522   272738.042394333 
 1.523   0 
 1.524   425675.408178 
 1.525   0 
 1.526   407273.95431675 
 1.527   0 
 1.528   215059.1619305 
 1.529   222939.13333575 
 1.53   1027528.91597525 
 1.531   210096.2960376 
 1.532   262632.153331 
 1.533   0 
 1.534   186871.597534625 
 1.535   0 
 1.536   388130.3117964 
 1.537   123184.049334333 
 1.538   229898.93778 
 1.539   451452.2413745 
 1.54   235646.8940835 
 1.541   481311.204843667 
 1.542   168755.8993435 
 1.543   0 
 1.544   85751.825725 
 1.545   318563.7082533 
 1.546   0 
 1.547   209284.3509905 
 1.548   290330.92944075 
 1.549   0 
 1.55   0 
 1.551   229793.232463143 
 1.552   0 
 1.553   599354.52878175 
 1.554   388595.022873875 
 1.555   434640.214853667 
 1.556   128401.609137 
 1.557   0 
 1.558   0 
 1.559   248253.921989 
 1.56   0 
 1.561   262194.2390915 
 1.562   440799.742219 
 1.563   0 
 1.564   119230.5565545 
 1.565   160649.08454275 
 1.566   0 
 1.567   0 
 1.568   134868.3674005 
 1.569   436107.3407492 
 1.57   285018.7564585 
 1.571   0 
 1.572   151108.6720245 
 1.573   393445.970348 
 1.574   211982.1815202 
 1.575   196763.4413415 
 1.576   0 
 1.577   550421.2293665 
 1.578   367854.42360075 
 1.579   189013.55071 
 1.58   81351.965776 
 1.581   241936.803072333 
 1.582   0 
 1.583   0 
 1.584   200034.18963625 
 1.585   0 
 1.586   197981.139837 
 1.587   253393.569313125 
 1.588   215664.6732575 
 1.589   0 
 1.59   198286.65860925 
 1.591   0 
 1.592   381735.893281667 
 1.593   0 
 1.594   277630.34042375 
 1.595   383300.9140165 
 1.596   189772.46956525 
 1.597   362274.3954295 
 1.598   236390.423347 
 1.599   0 
 1.6   230718.186335714 
 1.601   0 
 1.602   213206.945881077 
 1.603   216046.00029675 
 1.604   194590.261599 
 1.605   0 
 1.606   243688.644110667 
 1.607   0 
 1.608   276428.7970165 
 1.609   136491.6233405 
 1.61   158682.444586667 
 1.611   279764.028698333 
 1.612   196330.4330685 
 1.613   169942.8877485 
 1.614   223136.553107 
 1.615   0 
 1.616   137354.03909725 
 1.617   0 
 1.618   240387.0494222 
 1.619   0 
 1.62   137064.892980333 
 1.621   0 
 1.622   212931.20773 
 1.623   0 
 1.624   246086.63672825 
 1.625   0 
 1.626   190781.2465735 
 1.627   178848.8738305 
 1.628   0 
 1.629   239156.298638667 
 1.63   0 
 1.631   219510.518836167 
 1.632   0 
 1.633   229683.034882 
 1.634   143810.213391833 
 1.635   309434.23986575 
 1.636   162468.9159002 
 1.637   155620.8518505 
 1.638   76130.564019 
 1.639   0 
 1.64   0 
 1.641   240571.142969 
 1.642   106237.8789945 
 1.643   0 
 1.644   146391.266708 
 1.645   232588.9587535 
 1.646   0 
 1.647   117800.90544 
 1.648   0 
 1.649   163142.3670865 
 1.65   298717.8984575 
 1.651   219038.5720045 
 1.652   83745.2805895 
 1.653   0 
 1.654   150262.5213965 
 1.655   209710.850684 
 1.656   228247.17052925 
 1.657   153148.1873295 
 1.658   129331.5912455 
 1.659   0 
 1.66   0 
 1.661   66652.9086115 
 1.662   0 
 1.663   279470.21251225 
 1.664   134978.12508 
 1.665   195486.4451525 
 1.666   280346.5874925 
 1.667   161602.741727 
 1.668   224282.622934 
 1.669   122218.682713 
 1.67   170927.796790125 
 1.671   0 
 1.672   0 
 1.673   175326.63882975 
 1.674   101792.4567425 
 1.675   169957.261677667 
 1.676   101063.810584 
 1.677   0 
 1.678   251248.38598925 
 1.679   161573.05574 
 1.68   252392.89575275 
 1.681   104156.827994833 
 1.682   92325.869115 
 1.683   0 
 1.684   153891.937957 
 1.685   106884.35638 
 1.686   99728.076677 
 1.687   137716.2198875 
 1.688   101282.812918 
 1.689   0 
 1.69   189029.5625085 
 1.691   153873.937906 
 1.692   0 
 1.693   147266.009518 
 1.694   127280.8136375 
 1.695   238559.6610958 
 1.696   101709.28496225 
 1.697   158066.506604167 
 1.698   72213.9637585 
 1.699   145072.677318 
 1.7   0 
 1.701   94863.704119 
 1.702   340460.09606 
 1.703   106557.770268333 
 1.704   147387.093000167 
 1.705   109648.93133 
 1.706   272719.798543 
 1.707   0 
 1.708   0 
 1.709   108134.8450025 
 1.71   221361.18190275 
 1.711   89115.1814725 
 1.712   87355.682946 
 1.713   99798.962275 
 1.714   238905.49905 
 1.715   106713.7530625 
 1.716   144071.8167933 
 1.717   309678.086356 
 1.718   0 
 1.719   127332.071549167 
 1.72   115209.764443333 
 1.721   146242.3785285 
 1.722   0 
 1.723   118055.744693 
 1.724   0 
 1.725   137391.3915425 
 1.726   106269.2725066 
 1.727   112513.919236833 
 1.728   122308.2535525 
 1.729   183015.5967905 
 1.73   166466.445259 
 1.731   191802.135584 
 1.732   104393.699266 
 1.733   148957.1601351 
 1.734   0 
 1.735   0 
 1.736   120491.987853 
 1.737   0 
 1.738   75909.3556205 
 1.739   105308.439471 
 1.74   140419.9996644 
 1.741   112189.57301875 
 1.742   128998.260147 
 1.743   142606.3733695 
 1.744   0 
 1.745   0 
 1.746   89921.962725 
 1.747   0 
 1.748   70992.25200475 
 1.749   101874.472591 
 1.75   86549.380132 
 1.751   157737.7660035 
 1.752   0 
 1.753   108633.992594333 
 1.754   145579.1968135 
 1.755   97483.8248859 
 1.756   0 
 1.757   139549.653881 
 1.758   0 
 1.759   107095.30516375 
 1.76   136329.18035725 
 1.761   0 
 1.762   0 
 1.763   63662.8886933333 
 1.764   118806.1049295 
 1.765   115640.3899525 
 1.766   143297.999118 
 1.767   122400.717052375 
 1.768   0 
 1.769   57514.800706 
 1.77   73914.8985205 
 1.771   109680.5840068 
 1.772   134276.9502382 
 1.773   0 
 1.774   0 
 1.775   129762.27879725 
 1.776   129615.6030685 
 1.777   118779.374469167 
 1.778   0 
 1.779   162486.56323975 
 1.78   0 
 1.781   0 
 1.782   139738.8375215 
 1.783   134393.38474825 
 1.784   146556.45092125 
 1.785   92962.0584886667 
 1.786   94529.3415388333 
 1.787   201586.0775225 
 1.788   125783.963959 
 1.789   100273.3899825 
 1.79   77571.150492 
 1.791   131860.140359 
 1.792   97047.122676 
 1.793   0 
 1.794   150555.780679 
 1.795   0 
 1.796   0 
 1.797   132097.59260925 
 1.798   123943.851739333 
 1.799   115284.1371355 
 1.8   74021.864687 
 1.801   135019.99664725 
 1.802   115152.84791175 
 1.803   153213.73253125 
 1.804   126513.620582333 
 1.805   0 
 1.806   88520.47510625 
 1.807   64317.937099 
 1.808   151628.667064857 
 1.809   72872.5302995 
 1.81   0 
 1.811   78219.810389 
 1.812   115523.817863571 
 1.813   110335.388544778 
 1.814   0 
 1.815   184397.5011245 
 1.816   143759.7035895 
 1.817   126542.515059 
 1.818   58162.4017725 
 1.819   0 
 1.82   180369.21570725 
 1.821   0 
 1.822   88593.78267525 
 1.823   0 
 1.824   0 
 1.825   87566.9169526 
 1.826   105362.2920495 
 1.827   142647.45508775 
 1.828   106864.016701 
 1.829   88517.718906875 
 1.83   0 
 1.831   0 
 1.832   109939.950991 
 1.833   0 
 1.834   79796.6741678333 
 1.835   133248.716867 
 1.836   0 
 1.837   0 
 1.838   0 
 1.839   86442.734835 
 1.84   201247.0335965 
 1.841   149238.54885175 
 1.842   0 
 1.843   86123.7199875 
 1.844   135145.81664575 
 1.845   212148.9830145 
 1.846   132002.031919 
 1.847   93618.5980615 
 1.848   110589.0111735 
 1.849   89049.17842425 
 1.85   62710.94847275 
 1.851   118643.769017 
 1.852   0 
 1.853   91139.122756 
 1.854   0 
 1.855   96767.7531685555 
 1.856   112705.1304178 
 1.857   111400.883132 
 1.858   81244.6402085 
 1.859   0 
 1.86   87824.4192121667 
 1.861   153448.964467 
 1.862   132593.0588415 
 1.863   0 
 1.864   105289.7930745 
 1.865   0 
 1.866   96692.1680275 
 1.867   100584.66142175 
 1.868   70782.006933 
 1.869   105067.66464425 
 1.87   85143.4153103333 
 1.871   0 
 1.872   0 
 1.873   105923.2703995 
 1.874   112110.3184725 
 1.875   100879.8131145 
 1.876   117142.8397315 
 1.877   91002.021107 
 1.878   0 
 1.879   0 
 1.88   0 
 1.881   0 
 1.882   118972.9632818 
 1.883   0 
 1.884   112281.50095 
 1.885   0 
 1.886   73558.083968 
 1.887   116378.229860167 
 1.888   0 
 1.889   89453.8023518 
 1.89   107919.485862 
 1.891   100904.666622125 
 1.892   141215.152124667 
 1.893   0 
 1.894   0 
 1.895   107702.3008024 
 1.896   111205.7075355 
 1.897   81093.6077346667 
 1.898   119271.871142 
 1.899   75131.0321565 
 1.9   0 
 1.901   0 
 1.902   172176.714012 
 1.903   66869.9381773333 
 1.904   101336.7870505 
 1.905   139361.829963333 
 1.906   0 
 1.907   105246.0918145 
 1.908   106937.491963667 
 1.909   88802.623743 
 1.91   106698.719876333 
 1.911   76281.0638706667 
 1.912   0 
 1.913   98099.249649 
 1.914   80382.6804225 
 1.915   147770.373904 
 1.916   113524.057683625 
 1.917   127280.9885235 
 1.918   0 
 1.919   63781.2303665 
 1.92   0 
 1.921   86830.075148 
 1.922   65756.57644025 
 1.923   108346.47228825 
 1.924   92026.263576 
 1.925   73306.8488795 
 1.926   76637.5263925 
 1.927   0 
 1.928   0 
 1.929   106424.49818075 
 1.93   88487.8616895 
 1.931   107788.845238167 
 1.932   123482.8897525 
 1.933   0 
 1.934   75696.9695825 
 1.935   0 
 1.936   132303.419486167 
 1.937   65761.28923 
 1.938   110078.4120548 
 1.939   153297.8853465 
 1.94   133788.63856725 
 1.941   90673.3765025 
 1.942   220696.960043 
 1.943   78900.446868 
 1.944   0 
 1.945   132658.3645505 
 1.946   0 
 1.947   167210.4869855 
 1.948   0 
 1.949   74544.5703393 
 1.95   102435.45932375 
 1.951   92777.4925683333 
 1.952   0 
 1.953   0 
 1.954   97886.5365275 
 1.955   108597.9418225 
 1.956   96989.480925125 
 1.957   91160.4913148333 
 1.958   198251.606785 
 1.959   0 
 1.96   0 
 1.961   169766.753097 
 1.962   98464.415356 
 1.963   74274.50193 
 1.964   93636.9595672 
 1.965   0 
 1.966   0 
 1.967   112984.6168885 
 1.968   0 
 1.969   0 
 1.97   106227.88688675 
 1.971   99721.161963 
 1.972   171610.819181667 
 1.973   93278.664529 
 1.974   88247.4320725 
 1.975   130130.93511325 
 1.976   87522.075542 
 1.977   92724.2286925 
 1.978   0 
 1.979   41290.8824785 
 1.98   149870.274633 
 1.981   0 
 1.982   95200.9440851667 
 1.983   68736.397903 
 1.984   132866.586175667 
 1.985   74787.663472 
 1.986   78411.412936 
 1.987   0 
 1.988   96499.2528875 
 1.989   65299.47736025 
 1.99   83076.8676576 
 1.991   0 
 1.992   0 
 1.993   94318.778414 
 1.994   69786.6865425 
 1.995   67316.9539586667 
 1.996   135000.61707675 
 1.997   35804.432343 
 1.998   171718.582764 
 1.999   0 
 2   100342.0006525 
 2.001   81037.2615904 
 2.002   0 
 2.003   95873.85873075 
 2.004   0 
 2.005   168456.299423 
 2.006   0 
 2.007   139600.865837 
 2.008   116285.3801685 
 2.009   95692.57341275 
 2.01   109727.8833815 
 2.011   0 
 2.012   0 
 2.013   0 
 2.014   97980.6986825 
 2.015   64700.684121 
 2.016   139897.416195 
 2.017   125966.9738535 
 2.018   0 
 2.019   93999.619944 
 2.02   89053.5082606667 
 2.021   56009.893688 
 2.022   0 
 2.023   64790.430508 
 2.024   0 
 2.025   120097.97487775 
 2.026   109118.0555232 
 2.027   64162.1581495 
 2.028   96564.382549125 
 2.029   144686.8639545 
 2.03   52804.2603685 
 2.031   0 
 2.032   0 
 2.033   124899.8657365 
 2.034   88739.17075275 
 2.035   0 
 2.036   38496.3594715 
 2.037   0 
 2.038   111871.20841 
 2.039   82303.1563923333 
 2.04   0 
 2.041   127080.8432375 
 2.042   128989.770738 
 2.043   115405.517859 
 2.044   104004.0829005 
 2.045   0 
 2.046   114789.80830075 
 2.047   78707.15191575 
 2.048   89583.589105 
 2.049   0 
 2.05   106224.266015667 
 2.051   69447.05648525 
 2.052   84798.6621015 
 2.053   106940.0949837 
 2.054   71183.310043 
 2.055   0 
 2.056   91282.6014625 
 2.057   0 
 2.058   73634.195829125 
 2.059   0 
 2.06   125275.7242735 
 2.061   254305.0414385 
 2.062   0 
 2.063   0 
 2.064   66877.177253 
 2.065   136051.037889167 
 2.066   112440.723111 
 2.067   0 
 2.068   0 
 2.069   54390.2106375 
 2.07   0 
 2.071   181106.752183 
 2.072   117519.061262 
 2.073   0 
 2.074   0 
 2.075   95672.809839 
 2.076   181681.106939 
 2.077   108265.631722667 
 2.078   103654.71104175 
 2.079   52636.259272 
 2.08   108218.980541667 
 2.081   91980.8506595 
 2.082   46353.376395 
 2.083   113409.427801 
 2.084   110914.5378975 
 2.085   75415.1181325 
 2.086   111907.725843 
 2.087   69819.3862335 
 2.088   0 
 2.089   96898.3677395 
 2.09   87361.979017 
 2.091   81682.166065 
 2.092   90045.948657 
 2.093   0 
 2.094   59058.6234906667 
 2.095   92819.9384976667 
 2.096   0 
 2.097   136371.24356425 
 2.098   80538.6821302857 
 2.099   0 
 2.1   121438.6205585 
 2.101   90668.301919 
 2.102   0 
 2.103   109487.731476875 
 2.104   84064.6851455 
 2.105   118179.9677335 
 2.106   147161.24537 
 2.107   93887.863492 
 2.108   54128.4560245 
 2.109   148798.548727 
 2.11   0 
 2.111   193639.649821 
 2.112   85450.93444675 
 2.113   105560.5379525 
 2.114   106515.725142333 
 2.115   66336.9366516667 
 2.116   0 
 2.117   107707.8184065 
 2.118   104625.7632725 
 2.119   116186.1530325 
 2.12   159356.1821105 
 2.121   105067.707102875 
 2.122   139702.2959385 
 2.123   109607.488519 
 2.124   150863.51601 
 2.125   95234.013769 
 2.126   81485.9836388 
 2.127   81942.5201968333 
 2.128   0 
 2.129   73746.0009605 
 2.13   0 
 2.131   0 
 2.132   127081.33193625 
 2.133   87136.85774075 
 2.134   34297.913925 
 2.135   0 
 2.136   109461.833333667 
 2.137   76345.5164015 
 2.138   79096.69090175 
 2.139   99157.355455 
 2.14   0 
 2.141   0 
 2.142   74954.7807245 
 2.143   90736.488156 
 2.144   95415.103356 
 2.145   0 
 2.146   126072.808627 
 2.147   111624.838468 
 2.148   0 
 2.149   88941.0061415 
 2.15   67199.9429211667 
 2.151   0 
 2.152   0 
 2.153   92948.3289834 
 2.154   82217.07085175 
 2.155   0 
 2.156   80204.17292 
 2.157   81357.9858978333 
 2.158   82271.6601565 
 2.159   78320.1015115 
 2.16   76751.889151 
 2.161   0 
 2.162   120700.193856222 
 2.163   148395.512517222 
 2.164   0 
 2.165   60628.4410185 
 2.166   77180.74652075 
 2.167   39164.5530135 
 2.168   50735.634444 
 2.169   138454.5625075 
 2.17   83432.296244 
 2.171   0 
 2.172   88757.49525575 
 2.173   77428.1083575 
 2.174   148229.531757857 
 2.175   132329.639691 
 2.176   144555.4152855 
 2.177   0 
 2.178   161298.1898045 
 2.179   146748.0011835 
 2.18   48353.75370125 
 2.181   94335.4980335 
 2.182   0 
 2.183   0 
 2.184   0 
 2.185   117770.0151075 
 2.186   0 
 2.187   60290.30895 
 2.188   94263.93706725 
 2.189   92458.6222265 
 2.19   74991.8202135 
 2.191   0 
 2.192   69001.0396905 
 2.193   90341.067907 
 2.194   76024.60303375 
 2.195   0 
 2.196   120230.188002667 
 2.197   99405.7386945 
 2.198   46390.7152505 
 2.199   119130.4011815 
 2.2   57735.7968175 
 2.201   0 
 2.202   84697.6046096667 
 2.203   69364.702132 
 2.204   48764.5020875 
 2.205   126689.9936094 
 2.206   72318.455226 
 2.207   107068.9451824 
 2.208   114829.6029305 
 2.209   94763.242904 
 2.21   134151.2010292 
 2.211   0 
 2.212   0 
 2.213   118592.544012 
 2.214   56667.611915 
 2.215   108466.781150667 
 2.216   0 
 2.217   67637.958893 
 2.218   0 
 2.219   100891.6672815 
 2.22   92450.5687385 
 2.221   0 
 2.222   241446.9288145 
 2.223   0 
 2.224   0 
 2.225   139898.840243 
 2.226   97538.4164795 
 2.227   0 
 2.228   134777.106182 
 2.229   0 
 2.23   85168.6355255 
 2.231   0 
 2.232   73478.744335 
 2.233   101471.009794333 
 2.234   0 
 2.235   136809.110576 
 2.236   128044.21491425 
 2.237   0 
 2.238   80019.13315875 
 2.239   119897.546587 
 2.24   69842.6917825 
 2.241   0 
 2.242   97746.7364055 
 2.243   76518.27493 
 2.244   86128.79266775 
 2.245   44203.1566555 
 2.246   64592.0486378 
 2.247   0 
 2.248   68065.58888 
 2.249   150229.426800167 
 2.25   60951.96437875 
 2.251   97326.9982805 
 2.252   32555.373513 
 2.253   0 
 2.254   0 
 2.255   114774.851190833 
 2.256   0 
 2.257   0 
 2.258   55451.698725 
 2.259   80367.4666231667 
 2.26   53872.232287 
 2.261   41433.602117 
 2.262   86480.267535 
 2.263   165933.506125 
 2.264   0 
 2.265   115259.97965325 
 2.266   79678.25958 
 2.267   129239.3551135 
 2.268   76917.212445 
 2.269   172915.75354 
 2.27   71164.222129 
 2.271   0 
 2.272   112691.334102375 
 2.273   0 
 2.274   97719.9619115 
 2.275   0 
 2.276   96305.400145 
 2.277   65449.3619865 
 2.278   0 
 2.279   91747.3102935 
 2.28   0 
 2.281   0 
 2.282   104140.901707 
 2.283   60496.8501045 
 2.284   71863.312112 
 2.285   0 
 2.286   121012.171401 
 2.287   0 
 2.288   81262.04842825 
 2.289   70976.62862825 
 2.29   122539.56415525 
 2.291   0 
 2.292   95829.964464 
 2.293   150809.567674 
 2.294   0 
 2.295   103785.12063125 
 2.296   48085.85197375 
 2.297   27206.9322455 
 2.298   89879.523768 
 2.299   0 
 2.3   0 
 2.301   110562.6944614 
 2.302   0 
 2.303   0 
 2.304   134080.4269225 
 2.305   77364.04794775 
 2.306   0 
 2.307   70282.261502 
 2.308   61706.0588628 
 2.309   0 
 2.31   96003.7946175714 
 2.311   100664.24710525 
 2.312   89559.50099 
 2.313   0 
 2.314   83130.9613265 
 2.315   114661.056553 
 2.316   0 
 2.317   90358.554411 
 2.318   0 
 2.319   199145.164656 
 2.32   0 
 2.321   72995.6075293333 
 2.322   44545.711303 
 2.323   0 
 2.324   76919.741095 
 2.325   0 
 2.326   83823.16097475 
 2.327   82227.837815 
 2.328   90278.5222058333 
 2.329   0 
 2.33   84708.055322 
 2.331   0 
 2.332   76937.878313 
 2.333   65228.3084 
 2.334   71422.0242746667 
 2.335   0 
 2.336   128691.899797333 
 2.337   0 
 2.338   146379.347775 
 2.339   0 
 2.34   0 
 2.341   90134.461297 
 2.342   0 
 2.343   57845.0454965 
 2.344   92025.681746375 
 2.345   166618.932961 
 2.346   0 
 2.347   0 
 2.348   86185.206174 
 2.349   117884.028428 
 2.35   94844.339369 
 2.351   0 
 2.352   97919.1421666667 
 2.353   0 
 2.354   83594.736123 
 2.355   75702.7426593 
 2.356   0 
 2.357   0 
 2.358   75092.1673563333 
 2.359   98846.45859575 
 2.36   0 
 2.361   88817.3324465 
 2.362   0 
 2.363   87404.5076315 
 2.364   0 
 2.365   75615.7777478333 
 2.366   211860.286238 
 2.367   78519.2181845 
 2.368   0 
 2.369   0 
 2.37   44079.5623255 
 2.371   41306.9034455 
 2.372   0 
 2.373   0 
 2.374   0 
 2.375   97366.34721725 
 2.376   29555.941106 
 2.377   100903.997544 
 2.378   86023.5811377 
 2.379   114879.910405 
 2.38   0 
 2.381   89998.22413075 
 2.382   82341.5948785 
 2.383   0 
 2.384   81084.202158 
 2.385   67923.4289756667 
 2.386   0 
 2.387   66769.300017 
 2.388   155550.86393875 
 2.389   212171.978853 
 2.39   0 
 2.391   0 
 2.392   143511.795362625 
 2.393   0 
 2.394   88697.91667575 
 2.395   97655.96157425 
 2.396   76378.9827485 
 2.397   97861.3616728 
 2.398   73268.8033255 
 2.399   64306.407524 
 2.4   38925.2615465 
 2.401   99879.260262 
 2.402   0 
 2.403   0 
 2.404   84906.6213015 
 2.405   0 
 2.406   38062.3325626667 
 2.407   0 
 2.408   111468.1004045 
 2.409   107686.5611195 
 2.41   68501.1115535 
 2.411   0 
 2.412   0 
 2.413   90504.2068963333 
 2.414   0 
 2.415   70233.2181345 
 2.416   0 
 2.417   96867.6811185 
 2.418   90517.5572075 
 2.419   113381.4740415 
 2.42   58400.076219 
 2.421   0 
 2.422   69056.630053 
 2.423   0 
 2.424   90809.776105375 
 2.425   75237.4479525 
 2.426   63662.848537 
 2.427   99181.99811625 
 2.428   0 
 2.429   85689.38382025 
 2.43   93798.2720771667 
 2.431   99164.3244343333 
 2.432   0 
 2.433   136513.503852 
 2.434   0 
 2.435   70916.992412 
 2.436   75055.8648775 
 2.437   0 
 2.438   112097.483668 
 2.439   69373.5058545 
 2.44   0 
 2.441   79714.1387 
 2.442   63081.1979855 
 2.443   85907.224225 
 2.444   0 
 2.445   78598.85754775 
 2.446   124435.22478175 
 2.447   55216.62165975 
 2.448   0 
 2.449   79561.518993 
 2.45   0 
 2.451   76981.0008795 
 2.452   0 
 2.453   0 
 2.454   0 
 2.455   53635.6963525 
 2.456   0 
 2.457   0 
 2.458   0 
 2.459   68849.7841695 
 2.46   58751.4655715 
 2.461   84538.7406605 
 2.462   65671.76041375 
 2.463   0 
 2.464   70542.6208863333 
 2.465   0 
 2.466   64453.5905446 
 2.467   0 
 2.468   87668.482479 
 2.469   62376.397754 
 2.47   0 
 2.471   87772.5024942857 
 2.472   85167.677177 
 2.473   99179.968749 
 2.474   0 
 2.475   0 
 2.476   110816.051771167 
 2.477   81875.3779685 
 2.478   0 
 2.479   0 
 2.48   77692.9446576667 
 2.481   87634.6090555 
 2.482   62220.2055991667 
 2.483   87826.7993595 
 2.484   0 
 2.485   0 
 2.486   74887.4961225 
 2.487   0 
 2.488   0 
 2.489   0 
 2.49   60062.3159216667 
 2.491   70845.8333385 
 2.492   67696.4911765 
 2.493   0 
 2.494   51433.962917 
 2.495   0 
 2.496   0 
 2.497   0 
 2.498   0 
 2.499   0 
 2.5   77877.166075 
 2.501   61055.872819 
 2.502   81169.96580525 
 2.503   74167.5004785 
 2.504   89122.2074735 
 2.505   0 
 2.506   75832.8880235 
 2.507   83966.8684435 
 2.508   52649.636582 
 2.509   81032.60576525 
 2.51   0 
 2.511   60858.50878 
 2.512   94311.7572465 
 2.513   104071.7615878 
 2.514   0 
 2.515   0 
 2.516   83651.9254025 
 2.517   112449.02873 
 2.518   52160.996861 
 2.519   128766.9957325 
 2.52   0 
 2.521   91499.581748 
 2.522   70672.87364 
 2.523   108462.44455225 
 2.524   75680.847425 
 2.525   82775.1446505 
 2.526   75968.809203 
 2.527   0 
 2.528   148165.584339 
 2.529   83582.9696125 
 2.53   34596.111204 
 2.531   61488.955571 
 2.532   68814.9236773333 
 2.533   0 
 2.534   79649.850904625 
 2.535   43489.792965 
 2.536   0 
 2.537   86740.92539675 
 2.538   77480.5384585 
 2.539   0 
 2.54   49415.604857 
 2.541   76049.699649 
 2.542   0 
 2.543   122813.3660765 
 2.544   67047.48143375 
 2.545   0 
 2.546   39829.851907 
 2.547   80000.3882893333 
 2.548   87156.790825 
 2.549   0 
 2.55   71650.983619 
 2.551   50738.4824293333 
 2.552   0 
 2.553   71364.27508775 
 2.554   0 
 2.555   110195.897056 
 2.556   0 
 2.557   0 
 2.558   61459.28182175 
 2.559   87895.31001 
 2.56   117082.068604 
 2.561   44845.0876615 
 2.562   0 
 2.563   46243.4420385 
 2.564   79309.834591 
 2.565   133375.97171375 
 2.566   62114.3243641667 
 2.567   0 
 2.568   78324.4655855 
 2.569   77276.58475 
 2.57   118771.905799 
 2.571   62291.7427656667 
 2.572   0 
 2.573   0 
 2.574   48717.2579075 
 2.575   51643.256916 
 2.576   0 
 2.577   0 
 2.578   100297.7961795 
 2.579   0 
 2.58   103261.871543 
 2.581   90207.213517 
 2.582   0 
 2.583   65626.2332455 
 2.584   99332.2342715 
 2.585   83890.95300325 
 2.586   88333.08015425 
 2.587   0 
 2.588   0 
 2.589   0 
 2.59   0 
 2.591   91077.4304295 
 2.592   62780.261481 
 2.593   0 
 2.594   88999.0492271667 
 2.595   55907.888745 
 2.596   0 
 2.597   78102.723183125 
 2.598   39507.2061345 
 2.599   88437.8649675 
 2.6   71129.05682475 
 2.601   0 
 2.602   84601.3443023333 
 2.603   95127.8970655 
 2.604   98952.77883325 
 2.605   0 
 2.606   108635.433761 
 2.607   119497.70051175 
 2.608   39896.658435 
 2.609   57707.955454 
 2.61   83753.004009 
 2.611   96024.748754 
 2.612   68816.469261 
 2.613   0 
 2.614   75943.703411 
 2.615   0 
 2.616   0 
 2.617   0 
 2.618   108760.936949 
 2.619   112556.4522795 
 2.62   89550.7136075 
 2.621   27931.5216045 
 2.622   38461.218774 
 2.623   42966.9003296667 
 2.624   93892.380457 
 2.625   0 
 2.626   78314.3552185 
 2.627   74631.076251 
 2.628   79179.2110255 
 2.629   119110.642875 
 2.63   70655.0437455 
 2.631   69222.273734 
 2.632   0 
 2.633   60214.9714378333 
 2.634   0 
 2.635   0 
 2.636   0 
 2.637   39515.3048185 
 2.638   0 
 2.639   75604.965174 
 2.64   78220.6918625714 
 2.641   0 
 2.642   105193.805868 
 2.643   43960.154549 
 2.644   107538.2372065 
 2.645   67528.75245325 
 2.646   89573.25225825 
 2.647   142722.918162 
 2.648   0 
 2.649   0 
 2.65   60533.894834 
 2.651   80326.84443025 
 2.652   61160.2553025 
 2.653   68511.471213 
 2.654   0 
 2.655   0 
 2.656   93657.78895 
 2.657   0 
 2.658   81909.41793825 
 2.659   0 
 2.66   82205.2984005 
 2.661   0 
 2.662   83659.13377125 
 2.663   45596.87861325 
 2.664   0 
 2.665   0 
 2.666   91322.5552975 
 2.667   0 
 2.668   134680.5226345 
 2.669   61378.0563045 
 2.67   0 
 2.671   71456.327065 
 2.672   0 
 2.673   71473.9935003333 
 2.674   0 
 2.675   0 
 2.676   106289.649755 
 2.677   0 
 2.678   0 
 2.679   59957.7047624 
 2.68   69091.862745 
 2.681   44202.5270615 
 2.682   0 
 2.683   0 
 2.684   63058.3374795 
 2.685   56376.7534545 
 2.686   151443.14881875 
 2.687   58980.019603 
 2.688   0 
 2.689   38254.708627 
 2.69   0 
 2.691   66749.67133375 
 2.692   0 
 2.693   0 
 2.694   53870.0573065 
 2.695   40717.32808 
 2.696   0 
 2.697   40442.2397585 
 2.698   54620.234827 
 2.699   65822.2770465 
 2.7   108540.170730857 
 2.701   67868.049034 
 2.702   0 
 2.703   49109.0297505 
 2.704   0 
 2.705   0 
 2.706   74478.277861 
 2.707   72795.437365 
 2.708   0 
 2.709   73621.375386 
 2.71   48477.9325075 
 2.711   91040.043481 
 2.712   0 
 2.713   56453.2843615 
 2.714   120936.61343825 
 2.715   0 
 2.716   0 
 2.717   60046.164466 
 2.718   0 
 2.719   65956.153849 
 2.72   0 
 2.721   0 
 2.722   69869.2403135 
 2.723   72344.4557043333 
 2.724   0 
 2.725   71501.1628695 
 2.726   62509.1866445 
 2.727   57398.1098785 
 2.728   68794.830805 
 2.729   87461.7755285 
 2.73   80413.767869 
 2.731   0 
 2.732   35240.343327 
 2.733   85402.1396535 
 2.734   74051.2454845 
 2.735   0 
 2.736   71573.93183 
 2.737   51070.4366812 
 2.738   54225.830642 
 2.739   67024.0063466667 
 2.74   57148.7787505 
 2.741   58326.50078975 
 2.742   57543.3456835 
 2.743   59117.3067685 
 2.744   53097.531962 
 2.745   0 
 2.746   0 
 2.747   91971.7809695 
 2.748   51747.44680125 
 2.749   113093.953401 
 2.75   0 
 2.751   77029.5681536667 
 2.752   0 
 2.753   45850.9058155 
 2.754   120899.7241045 
 2.755   0 
 2.756   68415.165103 
 2.757   86965.6774978333 
 2.758   67442.29279825 
 2.759   43444.1420015 
 2.76   0 
 2.761   74242.8059073333 
 2.762   97903.477063 
 2.763   0 
 2.764   43123.507566 
 2.765   65113.6733736 
 2.766   44826.516944 
 2.767   67727.86225425 
 2.768   43515.7283215 
 2.769   0 
 2.77   63007.1235805 
 2.771   60610.403314 
 2.772   0 
 2.773   33676.027088 
 2.774   47089.6129155 
 2.775   69359.8072298333 
 2.776   72440.8827301667 
 2.777   0 
 2.778   0 
 2.779   56060.827618 
 2.78   143707.006105 
 2.781   54643.9604255 
 2.782   86070.1637985 
 2.783   0 
 2.784   41185.26524675 
 2.785   91501.766148 
 2.786   81298.2752215714 
 2.787   0 
 2.788   0 
 2.789   84358.175758 
 2.79   83013.6181623333 
 2.791   116331.902417 
 2.792   0 
 2.793   0 
 2.794   54601.36332125 
 2.795   102707.82901275 
 2.796   73012.093519 
 2.797   108190.6047625 
 2.798   48590.2224105 
 2.799   71885.3410025 
 2.8   0 
 2.801   73437.591877 
 2.802   25483.6329065 
 2.803   23911.7086085 
 2.804   63191.04839125 
 2.805   0 
 2.806   0 
 2.807   66040.0000085 
 2.808   0 
 2.809   55532.052825 
 2.81   85368.5482743333 
 2.811   80287.087473 
 2.812   73856.5741056667 
 2.813   68452.863279 
 2.814   55947.13534 
 2.815   0 
 2.816   45989.94490625 
 2.817   0 
 2.818   0 
 2.819   67252.48973525 
 2.82   0 
 2.821   66900.239641 
 2.822   84091.27833475 
 2.823   67225.8009485 
 2.824   0 
 2.825   56346.5971245 
 2.826   53685.0779 
 2.827   57962.8008045 
 2.828   0 
 2.829   0 
 2.83   53508.08660225 
 2.831   87143.99049025 
 2.832   63644.36684 
 2.833   0 
 2.834   109328.9203165 
 2.835   0 
 2.836   57711.32015525 
 2.837   52059.1393935 
 2.838   62039.0825975 
 2.839   0 
 2.84   92049.5872545 
 2.841   117750.506995 
 2.842   0 
 2.843   72637.4743215 
 2.844   90029.07071225 
 2.845   0 
 2.846   63092.9275535 
 2.847   43873.4000465 
 2.848   121871.141276 
 2.849   107214.711372667 
 2.85   178246.7747535 
 2.851   49755.3748265 
 2.852   0 
 2.853   197286.8465525 
 2.854   60523.065025 
 2.855   0 
 2.856   0 
 2.857   0 
 2.858   70592.0052236667 
 2.859   0 
 2.86   0 
 2.861   78813.501444 
 2.862   45094.237334 
 2.863   56170.472666 
 2.864   44307.5424638 
 2.865   0 
 2.866   73238.9292295 
 2.867   89259.7978424 
 2.868   55269.713924 
 2.869   46444.287538 
 2.87   0 
 2.871   97894.7610716667 
 2.872   0 
 2.873   47214.3154865 
 2.874   0 
 2.875   120176.715715 
 2.876   51318.3644535 
 2.877   57456.7463225 
 2.878   0 
 2.879   63066.8892905 
 2.88   0 
 2.881   65978.30794675 
 2.882   62422.0690675 
 2.883   0 
 2.884   80937.4787585 
 2.885   93853.378605 
 2.886   0 
 2.887   71309.7732765 
 2.888   57542.3367395 
 2.889   0 
 2.89   51104.7918065 
 2.891   81530.3567055 
 2.892   39695.8856495 
 2.893   27197.0315455 
 2.894   45633.7748316667 
 2.895   53976.616456 
 2.896   0 
 2.897   83028.2042135 
 2.898   61138.68875575 
 2.899   0 
 2.9   0 
 2.901   38974.541044 
 2.902   74790.90796925 
 2.903   47010.91129375 
 2.904   0 
 2.905   24995.293955 
 2.906   64847.378328 
 2.907   99722.4273735 
 2.908   0 
 2.909   0 
 2.91   57863.584693 
 2.911   0 
 2.912   62013.0144383333 
 2.913   0 
 2.914   63212.33777 
 2.915   31129.7543085 
 2.916   48447.560097 
 2.917   52200.7545843333 
 2.918   0 
 2.919   0 
 2.92   55498.731075875 
 2.921   44864.008075 
 2.922   0 
 2.923   0 
 2.924   0 
 2.925   63666.447656 
 2.926   39056.216676 
 2.927   56933.921578 
 2.928   0 
 2.929   72400.856131 
 2.93   70216.3136165 
 2.931   0 
 2.932   41528.5153595 
 2.933   28549.0605935 
 2.934   60299.553726 
 2.935   37482.368997 
 2.936   0 
 2.937   42350.0716605 
 2.938   49587.7981024 
 2.939   129667.1892635 
 2.94   112988.184847 
 2.941   54191.98354 
 2.942   55985.187107 
 2.943   43792.888844 
 2.944   73603.01554025 
 2.945   0 
 2.946   54397.293764 
 2.947   61402.467497 
 2.948   66439.331825 
 2.949   80404.1890495 
 2.95   54500.650523 
 2.951   63466.988879 
 2.952   56467.201896 
 2.953   0 
 2.954   85499.0899006667 
 2.955   47906.07842325 
 2.956   47126.5802761667 
 2.957   0 
 2.958   119997.414783 
 2.959   63017.4972115 
 2.96   48177.7044303333 
 2.961   0 
 2.962   0 
 2.963   70341.5102165 
 2.964   0 
 2.965   67494.64076825 
 2.966   80441.670704 
 2.967   49932.197345 
 2.968   0 
 2.969   35280.5921035 
 2.97   46965.752836 
 2.971   64512.3582955 
 2.972   83001.68633 
 2.973   66764.5101873333 
 2.974   42313.387962 
 2.975   65369.59674075 
 2.976   113213.744529 
 2.977   66205.6219618333 
 2.978   45525.1594905 
 2.979   0 
 2.98   0 
 2.981   59828.4917138333 
 2.982   62591.9759298333 
 2.983   0 
 2.984   44876.4272655 
 2.985   63960.2301555 
 2.986   0 
 2.987   90680.113053 
 2.988   0 
 2.989   39796.443187 
 2.99   111185.8686855 
 2.991   50619.224782 
 2.992   62185.6109416667 
 2.993   0 
 2.994   58095.3062275 
 2.995   54204.040465 
 2.996   57742.79720925 
 2.997   0 
 2.998   89045.3811335 
 2.999   88400.339798 
 3   0 
 3.001   91870.739797 
 3.002   0 
 3.003   34563.808996 
 3.004   46066.926564 
 3.005   0 
 3.006   55055.444361 
 3.007   49444.890458 
 3.008   64521.9308225 
 3.009   40727.4187195 
 3.01   0 
 3.011   42886.06117375 
 3.012   57492.21250375 
 3.013   0 
 3.014   76866.2900135 
 3.015   60891.2947925 
 3.016   24958.867151 
 3.017   42220.4059035 
 3.018   39843.4557135 
 3.019   47761.78968375 
 3.02   32656.280279 
 3.021   0 
 3.022   0 
 3.023   0 
 3.024   67080.5548425 
 3.025   80055.775214 
 3.026   41037.9214575 
 3.027   0 
 3.028   70043.5952755 
 3.029   53558.62644875 
 3.03   84173.2431845 
 3.031   57367.000772 
 3.032   0 
 3.033   56640.58502275 
 3.034   72241.267587 
 3.035   41946.5126955 
 3.036   0 
 3.037   33262.7307695 
 3.038   139157.534124 
 3.039   0 
 3.04   65967.2359645 
 3.041   29543.4274825 
 3.042   58173.0939925 
 3.043   68125.45506 
 3.044   59805.815829 
 3.045   39367.80233275 
 3.046   47977.5790325 
 3.047   69458.6122655 
 3.048   66035.8321843333 
 3.049   66117.4035485 
 3.05   54212.7132641667 
 3.051   0 
 3.052   66448.1211255 
 3.053   68343.118578 
 3.054   0 
 3.055   76105.2200765 
 3.056   0 
 3.057   52883.78815825 
 3.058   0 
 3.059   34447.7069545 
 3.06   0 
 3.061   0 
 3.062   67480.37272 
 3.063   46854.841571 
 3.064   0 
 3.065   0 
 3.066   102908.68826675 
 3.067   68052.2854525 
 3.068   84223.8758365 
 3.069   0 
 3.07   0 
 3.071   56392.1717265 
 3.072   88496.2318555 
 3.073   0 
 3.074   67887.798551 
 3.075   43472.8502568 
 3.076   0 
 3.077   64552.28913325 
 3.078   0 
 3.079   52676.6006225 
 3.08   55033.531503 
 3.081   0 
 3.082   44684.28362725 
 3.083   60933.789212 
 3.084   51666.21436 
 3.085   0 
 3.086   64102.91055 
 3.087   41943.2667611667 
 3.088   0 
 3.089   0 
 3.09   73618.7949695 
 3.091   29871.4009115 
 3.092   41381.612976 
 3.093   87015.9080575 
 3.094   0 
 3.095   50673.35470025 
 3.096   80794.36728425 
 3.097   0 
 3.098   0 
 3.099   21704.018491 
 3.1   71925.0513783333 
 3.101   44621.7707285 
 3.102   37629.90458075 
 3.103   108590.629973 
 3.104   0 
 3.105   38950.9668105 
 3.106   0 
 3.107   0 
 3.108   37340.078315 
 3.109   67362.147094 
 3.11   47972.98517 
 3.111   60377.5825865 
 3.112   34105.308424 
 3.113   0 
 3.114   0 
 3.115   0 
 3.116   47413.2464875 
 3.117   39927.12016975 
 3.118   46729.71546975 
 3.119   42204.922983 
 3.12   0 
 3.121   71545.7946595 
 3.122   49566.311872 
 3.123   48867.1049515 
 3.124   54869.163533 
 3.125   40970.8453685 
 3.126   38084.17052 
 3.127   0 
 3.128   74458.267348 
 3.129   54696.943293 
 3.13   0 
 3.131   0 
 3.132   25521.6804685 
 3.133   60343.7759195 
 3.134   84023.879465 
 3.135   0 
 3.136   95472.170187 
 3.137   39581.837702 
 3.138   0 
 3.139   0 
 3.14   46444.33930075 
 3.141   45884.1356695 
 3.142   87726.1758725 
 3.143   45976.125209 
 3.144   0 
 3.145   37129.6202035 
 3.146   64112.6655395 
 3.147   0 
 3.148   37964.920973 
 3.149   67004.5543484286 
 3.15   47478.5617556667 
 3.151   66130.6913555 
 3.152   50600.20880975 
 3.153   92465.4851115 
 3.154   61694.1127275 
 3.155   0 
 3.156   57126.4220156667 
 3.157   51893.973166 
 3.158   45640.82419 
 3.159   0 
 3.16   0 
 3.161   47234.9529615 
 3.162   0 
 3.163   0 
 3.164   65725.9973865 
 3.165   44671.413415 
 3.166   35621.174814 
 3.167   56247.2592905 
 3.168   20116.5931025 
 3.169   72821.656864 
 3.17   49967.592345 
 3.171   0 
 3.172   0 
 3.173   46870.9208386667 
 3.174   60185.249288 
 3.175   31136.772562 
 3.176   0 
 3.177   42734.303196 
 3.178   49084.732096 
 3.179   57655.0951905 
 3.18   48851.907811 
 3.181   41793.6267555 
 3.182   43120.34537275 
 3.183   37879.653823 
 3.184   51714.502024 
 3.185   48405.768309 
 3.186   0 
 3.187   0 
 3.188   41367.268736 
 3.189   47048.3950626667 
 3.19   65824.7359805 
 3.191   42308.454612 
 3.192   0 
 3.193   50960.73579475 
 3.194   33831.070099 
 3.195   0 
 3.196   0 
 3.197   41483.707114 
 3.198   22210.8174613333 
 3.199   57628.9782735 
 3.2   54713.7398805 
 3.201   43500.102885 
 3.202   0 
 3.203   0 
 3.204   0 
 3.205   34825.9954465 
 3.206   54470.6693125 
 3.207   0 
 3.208   0 
 3.209   46215.183226875 
 3.21   52279.548281 
 3.211   0 
 3.212   31032.5917395 
 3.213   66707.256414 
 3.214   66183.1086906 
 3.215   0 
 3.216   46175.40714025 
 3.217   0 
 3.218   48348.490178 
 3.219   0 
 3.22   35390.243125 
 3.221   26915.2644585 
 3.222   48255.95701825 
 3.223   73266.0526305 
 3.224   0 
 3.225   100324.318571 
 3.226   35550.7436625 
 3.227   0 
 3.228   59284.768163 
 3.229   45715.9327225 
 3.23   42921.5842205 
 3.231   0 
 3.232   64457.4562255 
 3.233   41257.51419825 
 3.234   0 
 3.235   0 
 3.236   0 
 3.237   54426.65786 
 3.238   40890.5489221667 
 3.239   44223.49413375 
 3.24   0 
 3.241   71950.7013606667 
 3.242   42141.1206215 
 3.243   61386.2518445 
 3.244   0 
 3.245   57927.352172 
 3.246   51285.501632 
 3.247   35889.922314 
 3.248   41976.742258 
 3.249   37301.873178 
 3.25   0 
 3.251   0 
 3.252   42498.5739705 
 3.253   0 
 3.254   48309.2596136667 
 3.255   29781.9281785 
 3.256   0 
 3.257   71098.626557 
 3.258   0 
 3.259   0 
 3.26   0 
 3.261   42904.76922 
 3.262   43073.2731155 
 3.263   46566.252458 
 3.264   23704.605343 
 3.265   50886.802217 
 3.266   25492.778022 
 3.267   0 
 3.268   0 
 3.269   47804.5074965 
 3.27   74160.324432 
 3.271   0 
 3.272   0 
 3.273   63197.9087683333 
 3.274   60546.2626415 
 3.275   0 
 3.276   29212.066173 
 3.277   48431.679628 
 3.278   58297.8691511667 
 3.279   0 
 3.28   0 
 3.281   0 
 3.282   58192.8102765 
 3.283   54190.4966085 
 3.284   34544.617045 
 3.285   43284.1630315 
 3.286   35471.9963925 
 3.287   35543.9291386667 
 3.288   0 
 3.289   59103.193432 
 3.29   0 
 3.291   51137.3653885 
 3.292   51187.53331325 
 3.293   46749.50758025 
 3.294   38017.427148 
 3.295   49315.1826105 
 3.296   50674.9125995 
 3.297   34208.7316975 
 3.298   0 
 3.299   0 
 3.3   76148.27002 
 3.301   53276.4867135 
 3.302   0 
 3.303   0 
 3.304   33228.64021225 
 3.305   0 
 3.306   0 
 3.307   38502.635832 
 3.308   43386.64348125 
 3.309   47045.9185286667 
 3.31   39381.8366525 
 3.311   58894.7619725 
 3.312   60363.548871 
 3.313   57267.974129 
 3.314   0 
 3.315   0 
 3.316   32663.416327 
 3.317   38701.7595065 
 3.318   83489.836505 
 3.319   45568.163146 
 3.32   53096.6920895 
 3.321   51075.4317645 
 3.322   0 
 3.323   0 
 3.324   38767.153516 
 3.325   0 
 3.326   64155.8592625 
 3.327   69866.052509 
 3.328   0 
 3.329   0 
 3.33   0 
 3.331   41231.62491525 
 3.332   0 
 3.333   38280.734252 
 3.334   0 
 3.335   40581.8877515 
 3.336   72234.1941065 
 3.337   0 
 3.338   0 
 3.339   50689.9226106667 
 3.34   43434.9973803333 
 3.341   23661.0452105 
 3.342   45589.3278045 
 3.343   90492.1764405 
 3.344   38900.342404 
 3.345   0 
 3.346   53026.5014796667 
 3.347   38103.51880825 
 3.348   67521.4817735 
 3.349   0 
 3.35   41849.470583 
 3.351   33995.829297 
 3.352   0 
 3.353   30707.893906 
 3.354   0 
 3.355   0 
 3.356   48622.171212 
 3.357   89036.8117765 
 3.358   37492.509875 
 3.359   28660.376395 
 3.36   29515.147851 
 3.361   0 
 3.362   29272.23957 
 3.363   43284.37493875 
 3.364   0 
 3.365   54010.402255 
 3.366   52152.542691 
 3.367   57012.6391555 
 3.368   0 
 3.369   46551.2267615 
 3.37   44765.9331751 
 3.371   0 
 3.372   0 
 3.373   55451.470108 
 3.374   30234.235089 
 3.375   35349.796493 
 3.376   37093.78874 
 3.377   47990.7387946667 
 3.378   51668.0892965 
 3.379   0 
 3.38   0 
 3.381   0 
 3.382   40565.0381463333 
 3.383   0 
 3.384   0 
 3.385   24622.19304825 
 3.386   25506.038701 
 3.387   112830.0635995 
 3.388   33507.476099 
 3.389   55817.920074 
 3.39   24631.289511 
 3.391   0 
 3.392   25474.004489 
 3.393   47747.9519298333 
 3.394   44930.203974 
 3.395   0 
 3.396   33074.7111585 
 3.397   23669.5435555 
 3.398   0 
 3.399   36894.9158045 
 3.4   55939.696682 
 3.401   0 
 3.402   47209.851088 
 3.403   35822.636905 
 3.404   51052.32974025 
 3.405   35766.034424 
 3.406   34840.280019 
 3.407   44145.593513 
 3.408   57471.14126725 
 3.409   0 
 3.41   0 
 3.411   32610.2493285 
 3.412   0 
 3.413   34162.0282425 
 3.414   19815.247322 
 3.415   0 
 3.416   46149.2615715 
 3.417   0 
 3.418   33383.073665 
 3.419   35924.0783561667 
 3.42   0 
 3.421   0 
 3.422   31176.526599 
 3.423   21699.186578 
 3.424   69714.385498 
 3.425   0 
 3.426   30542.363751 
 3.427   47979.804335 
 3.428   27555.6147195 
 3.429   13254.214092 
 3.43   28420.311049 
 3.431   28484.854717 
 3.432   0 
 3.433   36245.130243 
 3.434   54593.82857275 
 3.435   54181.59375525 
 3.436   29290.58879 
 3.437   0 
 3.438   42045.7911641667 
 3.439   0 
 3.44   0 
 3.441   51493.327992 
 3.442   53443.708675 
 3.443   44574.000881 
 3.444   0 
 3.445   37749.67681225 
 3.446   65588.09965625 
 3.447   0 
 3.448   0 
 3.449   41052.3964765 
 3.45   23040.41562 
 3.451   0 
 3.452   40517.6092932857 
 3.453   48185.25111 
 3.454   49098.2319675 
 3.455   0 
 3.456   30878.38030575 
 3.457   0 
 3.458   32122.496292 
 3.459   49191.7186585 
 3.46   54125.5292865 
 3.461   0 
 3.462   0 
 3.463   38371.319992 
 3.464   106340.151934 
 3.465   0 
 3.466   35674.576692 
 3.467   28839.654338 
 3.468   34887.336862 
 3.469   57029.715276 
 3.47   0 
 3.471   65183.4392015 
 3.472   32264.9098835 
 3.473   0 
 3.474   0 
 3.475   41232.4989193 
 3.476   0 
 3.477   40256.68099125 
 3.478   34065.265998 
 3.479   0 
 3.48   32515.821938 
 3.481   0 
 3.482   0 
 3.483   43120.11776775 
 3.484   0 
 3.485   27867.7494835 
 3.486   27625.661867 
 3.487   28596.5080875 
 3.488   0 
 3.489   37201.96881 
 3.49   0 
 3.491   0 
 3.492   34145.7314755 
 3.493   57925.6696025 
 3.494   43120.2216066667 
 3.495   31632.3881435 
 3.496   31761.4469145 
 3.497   58845.94325725 
 3.498   21817.8003505 
 3.499   0 
 3.5   32463.1236695 
 3.501   43231.026582 
 3.502   0 
 3.503   0 
 3.504   53420.3392515 
 3.505   38158.0084365 
 3.506   0 
 3.507   26797.906655 
 3.508   50124.017242 
 3.509   55812.315232 
 3.51   0 
 3.511   33107.0801375 
 3.512   0 
 3.513   21132.59448 
 3.514   0 
 3.515   25759.8222105 
 3.516   29640.75669425 
 3.517   31141.3533085 
 3.518   0 
 3.519   46403.8036 
 3.52   39600.9912295 
 3.521   49574.330946 
 3.522   50404.1245 
 3.523   0 
 3.524   16426.082803 
 3.525   55884.521745 
 3.526   60014.2109795 
 3.527   52323.26286625 
 3.528   0 
 3.529   0 
 3.53   44321.2356793333 
 3.531   0 
 3.532   61396.937735 
 3.533   0 
 3.534   0 
 3.535   0 
 3.536   0 
 3.537   43945.60600125 
 3.538   43267.588213 
 3.539   0 
 3.54   40679.0120145 
 3.541   37560.652912 
 3.542   0 
 3.543   0 
 3.544   45884.3756846667 
 3.545   45428.7531185 
 3.546   33355.100348 
 3.547   0 
 3.548   29358.5823225 
 3.549   50451.382263 
 3.55   0 
 3.551   29677.412728 
 3.552   0 
 3.553   0 
 3.554   41077.538471 
 3.555   31614.3114453333 
 3.556   0 
 3.557   0 
 3.558   0 
 3.559   0 
 3.56   32361.475311 
 3.561   0 
 3.562   39391.377959 
 3.563   53475.742007 
 3.564   0 
 3.565   0 
 3.566   27686.9447555 
 3.567   22117.337842 
 3.568   12631.109994 
 3.569   53570.9321636667 
 3.57   31099.72628025 
 3.571   41702.5985945 
 3.572   36812.483353 
 3.573   28753.212085 
 3.574   48074.880981 
 3.575   40626.20054 
 3.576   50725.125797 
 3.577   34254.6867765 
 3.578   27424.809914 
 3.579   36404.2373905 
 3.58   0 
 3.581   39315.1331715 
 3.582   37374.756116 
 3.583   36545.40847 
 3.584   48018.9367846667 
 3.585   56035.169502 
 3.586   36593.8449055 
 3.587   35782.864612 
 3.588   0 
 3.589   36156.641926 
 3.59   39425.530035 
 3.591   29670.9094955 
 3.592   0 
 3.593   0 
 3.594   50237.5339253333 
 3.595   28580.500588 
 3.596   11595.512471 
 3.597   0 
 3.598   37378.5802356667 
 3.599   28082.107766 
 3.6   40855.8866515 
 3.601   33579.825406 
 3.602   48995.621535 
 3.603   27241.499762 
 3.604   12000.882728 
 3.605   24874.427403 
 3.606   34503.14324125 
 3.607   0 
 3.608   25654.005631 
 3.609   24498.660135 
 3.61   24353.45341175 
 3.611   40593.428905 
 3.612   42193.712883 
 3.613   48505.706335 
 3.614   32883.230694 
 3.615   22810.6988685 
 3.616   51146.5326195 
 3.617   0 
 3.618   0 
 3.619   21349.3858925 
 3.62   0 
 3.621   0 
 3.622   36664.0192815 
 3.623   52926.373004 
 3.624   35246.988314375 
 3.625   25739.8831655 
 3.626   34149.3877865 
 3.627   41617.6346225 
 3.628   32014.254802 
 3.629   0 
 3.63   48710.0018685 
 3.631   28438.621554 
 3.632   33383.836213 
 3.633   24603.612192 
 3.634   28677.983649 
 3.635   0 
 3.636   0 
 3.637   0 
 3.638   26333.3961975 
 3.639   57548.81738225 
 3.64   50625.30560625 
 3.641   37696.13864 
 3.642   23022.825419 
 3.643   33155.56498725 
 3.644   0 
 3.645   41359.9792385 
 3.646   39489.102362 
 3.647   40659.4160165 
 3.648   18048.4753865 
 3.649   37245.256472 
 3.65   0 
 3.651   27460.6440835 
 3.652   0 
 3.653   0 
 3.654   24561.1182975 
 3.655   27242.2230478571 
 3.656   20757.04005325 
 3.657   63751.1843105 
 3.658   58919.787633 
 3.659   0 
 3.66   36377.857207 
 3.661   0 
 3.662   29728.1026083333 
 3.663   0 
 3.664   48242.7534145 
 3.665   43663.378207 
 3.666   62883.7675925 
 3.667   54365.2260863333 
 3.668   37241.2641696667 
 3.669   0 
 3.67   0 
 3.671   46810.04339175 
 3.672   30519.547278 
 3.673   0 
 3.674   40678.282962 
 3.675   45950.5465605 
 3.676   20643.003532 
 3.677   0 
 3.678   24644.13532925 
 3.679   0 
 3.68   34431.9998225 
 3.681   12717.299399 
 3.682   10418.926256 
 3.683   32348.26618475 
 3.684   0 
 3.685   0 
 3.686   42250.402613 
 3.687   33559.159428 
 3.688   31836.6994675 
 3.689   39432.9585325 
 3.69   44484.40525625 
 3.691   18522.224589 
 3.692   18679.0755775 
 3.693   0 
 3.694   23302.4512135 
 3.695   18971.6756681667 
 3.696   27741.597314 
 3.697   32486.9843371667 
 3.698   46055.1982835 
 3.699   30634.8194805 
 3.7   0 
 3.701   21452.47106125 
 3.702   0 
 3.703   45690.6017925 
 3.704   0 
 3.705   0 
 3.706   43028.704583 
 3.707   0 
 3.708   17119.4484395 
 3.709   20553.2254805 
 3.71   46102.993717 
 3.711   57911.4130473333 
 3.712   26783.970602 
 3.713   0 
 3.714   36930.086322 
 3.715   36055.53995 
 3.716   0 
 3.717   30607.73877725 
 3.718   49464.1737785 
 3.719   0 
 3.72   15933.14944 
 3.721   27045.20416375 
 3.722   0 
 3.723   0 
 3.724   35548.7737835 
 3.725   40154.4848545 
 3.726   34857.327864 
 3.727   52919.41582 
 3.728   0 
 3.729   26639.60475025 
 3.73   28977.861039 
 3.731   0 
 3.732   0 
 3.733   0 
 3.734   0 
 3.735   0 
 3.736   0 
 3.737   30773.4751065 
 3.738   27286.8031915 
 3.739   33344.6456705 
 3.74   18942.4607045 
 3.741   34411.2075975 
 3.742   22277.1805195 
 3.743   36213.8874953333 
 3.744   0 
 3.745   43898.335829 
 3.746   0 
 3.747   0 
 3.748   38750.7142945 
 3.749   37702.4184155 
 3.75   25378.1056525 
 3.751   30722.479715 
 3.752   0 
 3.753   31131.3653315 
 3.754   44491.5516495 
 3.755   0 
 3.756   0 
 3.757   36423.210783 
 3.758   0 
 3.759   25349.05893075 
 3.76   0 
 3.761   40588.75100575 
 3.762   0 
 3.763   37363.200126 
 3.764   0 
 3.765   31301.410709625 
 3.766   0 
 3.767   0 
 3.768   25562.85696 
 3.769   0 
 3.77   65931.075391 
 3.771   32124.55971325 
 3.772   33536.04136 
 3.773   39021.811645 
 3.774   0 
 3.775   0 
 3.776   0 
 3.777   0 
 3.778   29997.327526 
 3.779   39073.97179025 
 3.78   0 
 3.781   24060.93759425 
 3.782   35084.7753263333 
 3.783   0 
 3.784   17411.956418 
 3.785   46653.2136045 
 3.786   33725.2969706667 
 3.787   0 
 3.788   0 
 3.789   20061.5357105 
 3.79   26703.233839 
 3.791   37048.7643243333 
 3.792   26085.80863625 
 3.793   40926.5790313333 
 3.794   29014.4078931667 
 3.795   18801.140203 
 3.796   0 
 3.797   0 
 3.798   0 
 3.799   31135.00784775 
 3.8   28013.5298225 
 3.801   0 
 3.802   45474.90906975 
 3.803   0 
 3.804   0 
 3.805   25287.0555783333 
 3.806   27447.8146005 
 3.807   0 
 3.808   25442.6751215 
 3.809   24936.766382 
 3.81   29279.627791 
 3.811   41299.713788 
 3.812   28906.19483575 
 3.813   0 
 3.814   13113.901161 
 3.815   0 
 3.816   17311.0024663333 
 3.817   0 
 3.818   33212.8875076667 
 3.819   30278.7116335 
 3.82   27733.3002407143 
 3.821   31176.27228725 
 3.822   19820.399927 
 3.823   44210.7447685 
 3.824   0 
 3.825   51465.2653995 
 3.826   33269.49272175 
 3.827   0 
 3.828   0 
 3.829   46573.451491 
 3.83   0 
 3.831   30173.432334 
 3.832   36188.0327287 
 3.833   47455.2327785 
 3.834   0 
 3.835   30740.2975825 
 3.836   0 
 3.837   0 
 3.838   15714.434812 
 3.839   28159.45923575 
 3.84   38761.02052275 
 3.841   0 
 3.842   22307.656481 
 3.843   0 
 3.844   26225.6652975 
 3.845   33511.6909015 
 3.846   38566.9390225 
 3.847   25512.56202175 
 3.848   20251.7289525 
 3.849   23859.0873606 
 3.85   0 
 3.851   19178.061423 
 3.852   21769.4407915 
 3.853   19417.06727 
 3.854   21461.295155 
 3.855   0 
 3.856   31720.111035 
 3.857   0 
 3.858   0 
 3.859   27876.3259655 
 3.86   29313.14059 
 3.861   29021.18894575 
 3.862   31111.3758063333 
 3.863   0 
 3.864   0 
 3.865   45091.6380685 
 3.866   20002.491768 
 3.867   25313.586538 
 3.868   0 
 3.869   28149.851178 
 3.87   0 
 3.871   19865.654858 
 3.872   42172.98501775 
 3.873   22436.577017 
 3.874   0 
 3.875   28669.7259945 
 3.876   26411.231453 
 3.877   0 
 3.878   23546.79760025 
 3.879   36452.4101565 
 3.88   45130.509812 
 3.881   0 
 3.882   29787.2959685 
 3.883   0 
 3.884   0 
 3.885   20974.644792 
 3.886   29251.561168875 
 3.887   0 
 3.888   0 
 3.889   47456.1323085 
 3.89   0 
 3.891   17364.8649175 
 3.892   19357.6986253333 
 3.893   0 
 3.894   0 
 3.895   0 
 3.896   0 
 3.897   0 
 3.898   41834.9318745 
 3.899   19798.71045225 
 3.9   32815.6623781667 
 3.901   46131.2993775 
 3.902   43597.61856525 
 3.903   22879.383741 
 3.904   18523.631272 
 3.905   52084.3569865 
 3.906   23482.387895 
 3.907   0 
 3.908   0 
 3.909   40404.4323535 
 3.91   0 
 3.911   20819.03573475 
 3.912   0 
 3.913   40279.328086 
 3.914   39463.7900915 
 3.915   20445.8429335 
 3.916   0 
 3.917   0 
 3.918   33775.23959675 
 3.919   27909.22926175 
 3.92   0 
 3.921   0 
 3.922   30768.794738 
 3.923   0 
 3.924   0 
 3.925   0 
 3.926   27192.144604 
 3.927   20478.5367285 
 3.928   28728.0755535 
 3.929   27068.790461 
 3.93   50759.952574 
 3.931   26176.5031145 
 3.932   22449.99533975 
 3.933   0 
 3.934   0 
 3.935   0 
 3.936   0 
 3.937   0 
 3.938   32582.7789195 
 3.939   23971.977604 
 3.94   0 
 3.941   25659.35411725 
 3.942   0 
 3.943   0 
 3.944   24875.5690253333 
 3.945   35457.5848295 
 3.946   0 
 3.947   0 
 3.948   26496.1358013333 
 3.949   0 
 3.95   27100.879034 
 3.951   0 
 3.952   40289.921233 
 3.953   25378.430102 
 3.954   27180.887495 
 3.955   0 
 3.956   0 
 3.957   0 
 3.958   22040.898554 
 3.959   48936.413013 
 3.96   0 
 3.961   31608.0387398333 
 3.962   0 
 3.963   0 
 3.964   41394.56456525 
 3.965   22247.6766795 
 3.966   30349.8083975 
 3.967   28406.702582 
 3.968   0 
 3.969   0 
 3.97   38764.894968 
 3.971   41401.46537 
 3.972   0 
 3.973   0 
 3.974   0 
 3.975   0 
 3.976   0 
 3.977   21015.8383965 
 3.978   33967.1801396667 
 3.979   25469.003422 
 3.98   31143.534308 
 3.981   0 
 3.982   0 
 3.983   0 
 3.984   29240.64564825 
 3.985   0 
 3.986   0 
 3.987   19601.6482606667 
 3.988   20844.2013275 
 3.989   32175.7126375 
 3.99   36827.1596485 
 3.991   35097.15330525 
 3.992   27872.46041125 
 3.993   39950.9275675 
 3.994   30667.749344 
 3.995   31593.021498 
 3.996   19460.0106383333 
 3.997   0 
 3.998   32248.6561845 
 3.999   0 
 4   34275.88058475 
 4.001   10602.246761 
 4.002   26742.0546155 
 4.003   36485.035012 
 4.004   24611.612295 
 4.005   0 
 4.006   24682.393641 
 4.007   23952.721571 
 4.008   25425.7380235 
 4.009   27693.334532 
 4.01   0 
 4.011   19149.6137645 
 4.012   0 
 4.013   14495.482495 
 4.014   0 
 4.015   31623.6848116667 
 4.016   21910.4116665 
 4.017   11076.9575355 
 4.018   16963.63294 
 4.019   29162.8316985 
 4.02   24109.4282685 
 4.021   27503.7544155 
 4.022   0 
 4.023   29040.119861 
 4.024   0 
 4.025   0 
 4.026   0 
 4.027   26315.4894244 
 4.028   30705.0778368333 
 4.029   22552.650346 
 4.03   17053.3743345 
 4.031   11265.1077115 
 4.032   0 
 4.033   0 
 4.034   15772.907803 
 4.035   21939.9450275 
 4.036   37155.11655075 
 4.037   0 
 4.038   23762.2795785 
 4.039   30352.6236336667 
 4.04   24284.263612 
 4.041   0 
 4.042   15791.632563 
 4.043   59596.745467 
 4.044   24431.7674773333 
 4.045   26679.127299 
 4.046   24448.492053 
 4.047   25470.9015115 
 4.048   0 
 4.049   0 
 4.05   0 
 4.051   15814.08395325 
 4.052   14285.859485 
 4.053   31685.065601 
 4.054   35774.6585076667 
 4.055   25434.8457085714 
 4.056   25411.4433453333 
 4.057   0 
 4.058   25990.0613525 
 4.059   14861.230411 
 4.06   0 
 4.061   37049.9684955 
 4.062   0 
 4.063   21214.967574 
 4.064   0 
 4.065   25118.123229 
 4.066   18979.3748586667 
 4.067   25281.28625625 
 4.068   26770.6970825 
 4.069   19676.0038875 
 4.07   17038.8899265 
 4.071   0 
 4.072   32368.0456025 
 4.073   22641.876816 
 4.074   28209.83851825 
 4.075   0 
 4.076   23402.37100125 
 4.077   31122.9692335 
 4.078   0 
 4.079   20728.5176625 
 4.08   25575.1348883333 
 4.081   24071.22967 
 4.082   30956.9530905 
 4.083   0 
 4.084   33302.55635225 
 4.085   23578.6911101667 
 4.086   0 
 4.087   24139.96103 
 4.088   0 
 4.089   22775.33168 
 4.09   0 
 4.091   44601.41955225 
 4.092   49373.7902385 
 4.093   0 
 4.094   29004.21695 
 4.095   34328.1454575 
 4.096   32547.571205 
 4.097   28354.581844 
 4.098   0 
 4.099   13479.437395 
 4.1   0 
 4.101   18226.626238 
 4.102   34300.995029 
 4.103   18177.08483725 
 4.104   0 
 4.105   56794.0041975 
 4.106   41357.033888 
 4.107   39275.1142505 
 4.108   0 
 4.109   42512.216562 
 4.11   48888.032135 
 4.111   36099.5476076667 
 4.112   40819.3063575 
 4.113   0 
 4.114   24237.853707 
 4.115   0 
 4.116   17059.277145 
 4.117   24048.213785 
 4.118   0 
 4.119   0 
 4.12   39778.38379 
 4.121   15153.5194945 
 4.122   34542.3279221667 
 4.123   25063.06620275 
 4.124   26854.867679 
 4.125   0 
 4.126   0 
 4.127   0 
 4.128   19277.748287 
 4.129   37822.5448185 
 4.13   27173.923512 
 4.131   25790.009486 
 4.132   0 
 4.133   0 
 4.134   30004.555319 
 4.135   0 
 4.136   21455.642898 
 4.137   0 
 4.138   19293.95143275 
 4.139   0 
 4.14   25580.471484 
 4.141   26423.2521085 
 4.142   23043.9575283333 
 4.143   41663.678135 
 4.144   26092.2897405 
 4.145   21592.9114933333 
 4.146   0 
 4.147   32992.730522 
 4.148   0 
 4.149   25945.8654405 
 4.15   0 
 4.151   37189.84810525 
 4.152   0 
 4.153   0 
 4.154   0 
 4.155   35287.692385 
 4.156   51481.953087 
 4.157   0 
 4.158   0 
 4.159   42535.482802 
 4.16   0 
 4.161   0 
 4.162   29260.197981 
 4.163   0 
 4.164   0 
 4.165   35665.3805536667 
 4.166   24447.908094 
 4.167   22563.6854173333 
 4.168   33279.6470005 
 4.169   33115.2514295 
 4.17   27795.5289985 
 4.171   42202.4143625 
 4.172   20631.0035635 
 4.173   0 
 4.174   0 
 4.175   0 
 4.176   54080.7335705 
 4.177   17925.4934 
 4.178   10509.31116 
 4.179   18150.0422445 
 4.18   30151.909802 
 4.181   0 
 4.182   0 
 4.183   0 
 4.184   30206.52553525 
 4.185   19932.3102915 
 4.186   0 
 4.187   0 
 4.188   19570.0781235 
 4.189   26943.3399575 
 4.19   49930.47637 
 4.191   22776.67228325 
 4.192   45134.037814 
 4.193   0 
 4.194   0 
 4.195   17840.73956175 
 4.196   31995.174529 
 4.197   0 
 4.198   13318.0575655 
 4.199   0 
 4.2   0 
 4.201   17395.437564 
 4.202   25002.358352 
 4.203   0 
 4.204   26116.3339275 
 4.205   0 
 4.206   0 
 4.207   0 
 4.208   20309.3316675 
 4.209   0 
 4.21   0 
 4.211   0 
 4.212   0 
 4.213   43933.572114 
 4.214   28100.503527625 
 4.215   26824.9403085 
 4.216   20513.2429295 
 4.217   33453.409318 
 4.218   24189.710227 
 4.219   15629.278259 
 4.22   0 
 4.221   23830.5288145 
 4.222   0 
 4.223   0 
 4.224   28504.500482 
 4.225   0 
 4.226   27652.24189025 
 4.227   19117.489473 
 4.228   0 
 4.229   0 
 4.23   0 
 4.231   0 
 4.232   35905.5720605 
 4.233   33919.3999035 
 4.234   0 
 4.235   33751.9247265 
 4.236   0 
 4.237   34759.746125 
 4.238   0 
 4.239   0 
 4.24   41684.5804736667 
 4.241   17666.5022723333 
 4.242   24940.106606 
 4.243   20578.9691205 
 4.244   0 
 4.245   0 
 4.246   42271.512768 
 4.247   9517.8750195 
 4.248   0 
 4.249   0 
 4.25   24177.297945 
 4.251   14814.327384 
 4.252   44451.44841525 
 4.253   0 
 4.254   0 
 4.255   0 
 4.256   0 
 4.257   26296.277908 
 4.258   0 
 4.259   29282.309465 
 4.26   0 
 4.261   0 
 4.262   34488.6800495 
 4.263   0 
 4.264   25366.0736945 
 4.265   0 
 4.266   0 
 4.267   22892.5470515 
 4.268   32528.6432615 
 4.269   38023.91163 
 4.27   21695.122277 
 4.271   18686.70953775 
 4.272   0 
 4.273   0 
 4.274   27372.351495 
 4.275   35658.25656425 
 4.276   0 
 4.277   14852.5516815 
 4.278   0 
 4.279   0 
 4.28   26282.104792 
 4.281   0 
 4.282   0 
 4.283   0 
 4.284   0 
 4.285   0 
 4.286   0 
 4.287   18722.23627 
 4.288   18464.193881 
 4.289   24921.9080805 
 4.29   0 
 4.291   42452.418972 
 4.292   0 
 4.293   16683.6648793333 
 4.294   0 
 4.295   29921.54756025 
 4.296   0 
 4.297   35517.9501015 
 4.298   0 
 4.299   0 
 4.3   0 
 4.301   26043.232037 
 4.302   0 
 4.303   0 
 4.304   0 
 4.305   26260.175534 
 4.306   0 
 4.307   0 
 4.308   0 
 4.309   0 
 4.31   0 
 4.311   0 
 4.312   0 
 4.313   26672.508686 
 4.314   0 
 4.315   37625.6465275 
 4.316   34767.972574 
 4.317   0 
 4.318   0 
 4.319   0 
 4.32   0 
 4.321   24850.376152 
 4.322   33648.6760245 
 4.323   0 
 4.324   0 
 4.325   0 
 4.326   0 
 4.327   0 
 4.328   0 
 4.329   20418.1908155 
 4.33   0 
 4.331   17091.8291045 
 4.332   0 
 4.333   0 
 4.334   0 
 4.335   18435.395814 
 4.336   36741.8231485 
 4.337   0 
 4.338   0 
 4.339   0 
 4.34   27352.756539 
 4.341   0 
 4.342   0 
 4.343   17184.5802865 
 4.344   0 
 4.345   0 
 4.346   0 
 4.347   0 
 4.348   34936.7558403333 
 4.349   0 
 4.35   0 
 4.351   0 
 4.352   0 
 4.353   0 
 4.354   0 
 4.355   0 
 4.356   0 
 4.357   31244.1680215 
 4.358   24686.77032 
 4.359   0 
 4.36   28681.2884705 
 4.361   0 
 4.362   0 
 4.363   0 
 4.364   0 
 4.365   0 
 4.366   26089.3137905 
 4.367   0 
 4.368   0 
 4.369   0 
 4.37   0 
 4.371   0 
 4.372   0 
 4.373   0 
 4.374   0 
 4.375   33640.172049 
 4.376   0 
 4.377   0 
 4.378   0 
 4.379   0 
 4.38   32714.40137 
 4.381   0 
 4.382   23495.734203 
 4.383   0 
 4.384   0 
 4.385   0 
 4.386   14525.216747 
 4.387   0 
 4.388   0 
 4.389   0 
 4.39   0 
 4.391   0 
 4.392   0 
 4.393   21484.229714 
 4.394   0 
 4.395   0 
 4.396   0 
 4.397   0 
 4.398   0 
 4.399   0 
 4.4   0 
 4.401   0 
 4.402   0 
 4.403   0 
 4.404   33163.6385615 
 4.405   0 
 4.406   0 
 4.407   23806.3113085 
 4.408   0 
 4.409   0 
 4.41   0 
 4.411   0 
 4.412   0 
 4.413   22903.020807 
 4.414   0 
 4.415   0 
 4.416   0 
 4.417   0 
 4.418   0 
 4.419   0 
 4.42   0 
 4.421   0 
 4.422   0 
 4.423   0 
 4.424   0 
 4.425   0 
 4.426   0 
 4.427   0 
 4.428   10061.93865 
 4.429   0 
 4.43   37647.5926385 
 4.431   0 
 4.432   0 
 4.433   0 
 4.434   36900.4752065 
 4.435   0 
 4.436   0 
 4.437   0 
 4.438   0 
 4.439   0 
 4.44   0 
 4.441   0 
 4.442   0 
 4.443   0 
 4.444   0 
 4.445   0 
 4.446   0 
 4.447   0 
 4.448   0 
 4.449   0 
 4.45   0 
 4.451   0 
 4.452   0 
 4.453   0 
 4.454   24265.3834315 
 4.455   0 
 4.456   0 
 4.457   36407.592822 
 4.458   0 
 4.459   0 
 4.46   0 
 4.461   0 
 4.462   0 
 4.463   0 
 4.464   0 
 4.465   0 
 4.466   0 
 4.467   0 
 4.468   0 
 4.469   0 
 4.47   0 
 4.471   0 
 4.472   0 
 4.473   0 
 4.474   0 
 4.475   0 
 4.476   0 
 4.477   0 
 4.478   0 
 4.479   20826.292196 
 4.48   31188.3737975 
 4.481   0 
 4.482   0 
 4.483   0 
 4.484   0 
 4.485   0 
 4.486   0 
 4.487   0 
 4.488   0 
 4.489   0 
 4.49   0 
 4.491   0 
 4.492   0 
 4.493   0 
 4.494   0 
 4.495   0 
 4.496   0 
 4.497   0 
 4.498   0 
 4.499   0 
 4.5   0 
 4.501   0 
 4.502   0 
 4.503   0 
 4.504   0 
 4.505   32558.1584515 
 4.506   0 
 4.507   0 
 4.508   0 
 4.509   0 
 4.51   0 
 4.511   0 
 4.512   0 
 4.513   0 
 4.514   0 
 4.515   0 
 4.516   0 
 4.517   0 
 4.518   0 
 4.519   0 
 4.52   0 
 4.521   0 
 4.522   0 
 4.523   0 
 4.524   0 
 4.525   0 
 4.526   0 
 4.527   0 
 4.528   0 
 4.529   0 
 4.53   0 
 4.531   0 
